24.504687383582464 50.037690169371160 0.214050017890425 2.756100941012480 8.811798803693167 0.062580535755405
28.206477400918473 55.803599082944586 0.179760447666635 0.608081730917414 7.503196726782719 0.141878994842606
27.819130156749125 62.855408238197896 0.307541241559007 -1.120986107245434 6.657790563301464 0.200431830590286
32.904309410314681 64.658224760948826 0.392990430903761 1.215010189586019 2.676568322955979 -0.079148007101058
32.388727932180508 62.433374217643077 0.219630359552964 0.903184365360110 -1.600939341234989 -0.152912691795899
39.987607798980108 66.821006701721743 0.254295761473888 3.786517915563527 -1.322701766598281 -0.147569903869089
45.462543094869062 63.318308912945859 0.057850372774955 4.668501869830081 -3.279162858458751 -0.048589969727012
48.788725726256011 62.835560002728961 0.164690002943869 5.597410184586812 -3.020146128988978 -0.025027671536120
55.015486188926310 59.454186002447607 0.171494745991809 6.970080920428175 -3.494348133838053 -0.047690606106006
61.922709548065271 55.866381412189241 0.140181388481227 7.062576548931608 -3.480611434608509 0.046603650256541
68.846718534367668 52.329538396830394 0.174300973769204 6.693279653220058 -3.740600618255452 0.024890007989635
74.984793761528422 48.182194262346911 0.237787038194275 5.549823791749890 -4.508864926095384 0.059384577787108
79.942889515080694 43.764990952742721 0.266685327070057 4.251088587446430 -4.044844866584540 -0.008935783665676
84.467071122473271 41.323698076447698 0.334256133924034 4.613343005105905 -1.723482967638474 0.087397724088363
88.889808415435212 40.896840533977972 0.343424238714258 4.679789714671632 1.007609716430015 -0.000383732734753
93.086515763611430 41.949799190129944 0.438897571429696 4.672769461194041 3.966534577470909 -0.158937478789121
97.878307737943757 46.465888318611526 0.288654704163592 4.855306041465060 4.952944592192200 -0.199264516032150
100.364913321803982 50.638452475049050 0.327487615173094 4.639354515547129 4.706414632631544 -0.103867468070135
105.393852835239713 55.705629225094626 0.287270621156775 5.357937173787636 5.517553191969920 0.022151967829841
110.991403882875048 61.539145969310937 0.382010431529999 5.719074567517930 6.021916035990249 0.028735372420598
116.833653553545531 67.469760696321785 0.399037146260025 5.842710499638089 5.799441938271938 -0.083597258902784
122.515720058581309 73.271390906872043 0.387586315249663 5.619380557313301 5.741670789355386 0.065618644257144
127.971975817611394 78.993594227527652 0.442929976915955 5.351978451916097 5.666362005919586 0.036637752624301
133.026891866937945 84.869851856429875 0.414505924645525 4.923836497343621 6.194933131517820 0.012854867087404
137.798601637137011 91.266104620952120 0.403832487489031 4.544115664658915 6.568573598294862 -0.103169185784061
142.034997346722577 97.928064680369786 0.248364363434742 4.277380308869583 6.729197589227271 0.010644017690008
146.168676001072868 104.855152452922525 0.197610959954195 3.926739789163713 7.155215152980477 -0.084035178545363
149.841515641469329 112.201124721129986 -0.039015539013612 3.889197297797295 7.206311122202641 -0.119574307137065
153.589097445840508 119.416588955437120 -0.040707373526106 3.652589430575269 7.129174416820946 -0.005122905313757
156.825187188821957 126.151999263383544 -0.000107276109594 3.404973572175344 6.591247610801280 0.407754819821227
160.127121303181696 132.590318312414411 0.763237173892912 3.161990637010349 6.276295238971019 1.128848102403768
162.869331753431027 137.994251708573984 1.029107909695167 2.911188169696859 5.801063802384538 1.031172497395960
165.582524969709084 143.873554915513779 2.053541101376076 2.446062213242614 6.035538026493035 0.874094535473982
168.888616535931192 149.223135208348140 1.353366974646838 2.180140484654926 5.933548790633490 0.694205095267345
170.708888620883215 154.936420349950396 2.019033784855808 1.412093943596958 5.268430923553957 0.729814200594451
173.912862347445753 159.160564227877671 1.284452344691226 0.333973751652510 4.258110863772573 0.310591189703990
173.639693869120435 164.418689851854396 1.752324723698180 -1.665405748571758 4.313830797797825 0.329697810552822
173.934727363240455 167.136188446708076 0.929426551316076 -4.078941942150183 3.668237208526324 -0.239473625911741
169.160387908635300 171.900082197583174 0.645386187672762 -6.445201090460586 2.950227400508980 -0.338137731437361
164.991134442639947 172.109444521822240 -0.050734022450834 -6.910985718622078 2.354999077811398 -0.350709252819652
157.093657800489638 174.845730074767374 -0.450114995519241 -8.731582990001856 3.151354696284358 -0.417156423947335
151.044088319382752 178.938245305239349 -0.489879590251375 -8.250223247268272 3.374082885483610 -0.432322609934832
142.774744554827663 182.189741773404307 -0.986075719339852 -8.217708612350656 3.127576557368715 -0.432445824893080
136.844454085725175 186.669410053076689 -1.033968703431877 -7.333783826285780 3.573960553797235 -0.417402670391396
129.555802049748365 190.183606764938048 -1.502444132129011 -7.203330163850237 3.305012263108179 -0.474325140507312
123.896264301159462 193.771448650418108 -1.313145507298964 -6.013613793642222 2.946503689104743 -0.451927138626515
118.537024843127952 196.561485529206408 -1.785965506070049 -4.665123223682214 2.661914890603482 -0.485328238715680
115.088038090834374 198.724990461687099 -1.372390440585421 -2.968748545778903 2.318897590765555 -0.403038524229227
113.033691685831442 200.680121124014931 -1.780235843201444 -1.006509128950602 1.496275401476840 -0.388755541056891
112.740582587615236 200.740081722655873 -1.315370227547158 0.169233109728574 0.558049910092978 -0.267407763701305
112.908671305313618 201.379132139733144 -1.611363097474326 0.058782092308219 0.787743219311336 -0.322347807547809
112.386482494507405 201.276080823670242 -1.215805787586436 -1.005961290363675 1.277163623271753 -0.274207218540947
110.532018811154870 203.153111774402618 -1.494565812562599 -2.092205734034048 2.523908736019169 -0.320647846879513
108.137007366552098 204.930087234311117 -1.053726138986363 -2.101260543103256 4.250484465617944 -0.249819107879273
105.886719122447346 210.724885248863529 -1.403489127483230 -0.197380842759839 7.044448249274035 -0.438605573319368
109.319227907367051 215.075195122316615 -1.125840525111360 2.711266286941947 6.945179672386760 -0.287077741744488
112.345395735541487 222.579449217249334 -1.442850366687311 3.373337965957955 8.226222849303236 -0.392019755418929
117.502917126326921 228.812712313153384 -1.165969902396731 3.803468812157103 8.470239566019863 -0.282630732244932
121.447619913847134 237.828868351908397 -1.398583877086873 4.067254331335994 9.452980127635838 -0.248993367878680
126.795086651536593 246.136327226133233 -1.047518095743575 4.229336245220822 9.448100500824065 -0.036153566963163
130.862387578973824 255.507520478640345 -1.140433571435294 3.926126079002385 9.284088520204833 -0.044382767676760
135.946194945680958 263.711383712385270 -0.969843331132366 4.141503410083450 8.952763253863765 -0.050173259108719
140.142405742640250 272.790229454382654 -1.030401507997903 4.285372816045166 9.268959108646193 -0.086320055383259
145.501392972763512 281.579720134154229 -0.855762220695708 4.578585951850094 9.230563806026545 -0.090633958726860
150.003225121572598 290.709803611045174 -0.956260095355088 4.371288700235977 8.975162057152009 -0.065920388383431
154.800151051169195 299.059686885988299 -0.804809630684302 3.981020226431124 8.211135972791556 -0.026319397749825
158.474232977081954 306.716790960002641 -0.797780954687672 3.340993825932957 6.923953057236979 0.033809403068008
161.770214340594094 312.414652060718481 -0.699174513372516 2.563205118435352 4.947561657234615 0.119321022307008
163.846441106211216 316.639446041506801 -0.588428650617616 1.628580703033535 3.845195889638065 0.151002883359181
165.335196331620978 320.203458085725913 -0.426479462992199 -0.229843638557363 4.604465957743434 0.104667840476926
164.454065336044835 325.570491064692078 -0.406377988853942 -2.752895418353526 5.032148829218682 0.042835227550036
160.521605427954455 328.369476034763750 -0.375362196454691 -5.890077240749090 3.738752437162064 0.197834755231246
154.197557289211375 332.230967500297993 -0.232408283708444 -6.835616358010365 4.135509059817444 0.200090852629405
147.131950107909745 333.614599153286008 -0.205167127540627 -6.953863015385026 4.104930297559680 0.165182942216303
139.955436033580327 338.032911749398238 -0.085910394181822 -7.165875488150755 4.590673263905419 0.142116502884085
131.906741418194599 342.010015140006942 -0.221182181435787 -7.232775657073562 4.209967068234918 0.106610829388031
124.785465272795506 346.092790271529395 -0.171477702298670 -6.995583701089605 4.050537036142781 0.034478284781309
116.572678101620411 349.593613225379784 -0.262281979053407 -6.846568175166372 4.315852014444163 0.036352550099672
110.069772165023977 354.032978846396645 -0.193450605985802 -5.830131297892348 4.248079617361669 0.074060840539751
103.995889997772679 357.072771562358014 -0.215150617876415 -4.597439521855748 2.833653681556515 0.060978331880891
99.498147566999634 359.671614506057779 -0.145538976947953 -4.557442508664702 2.548486446747113 0.102604168452204
93.482639566806853 362.018336486114720 -0.100363040332588 -5.501199582784974 2.664906559859812 0.164583371502009
87.436505872238754 365.039068512892868 -0.098534716620036 -6.611609707215459 3.446059391469760 0.084076252509545
79.215457585306737 368.512344588536678 -0.399932110750866 -7.735886093060613 4.418895746154288 0.096501223359373
71.277295485156344 373.336260720780331 -0.312492395058562 -8.000015508561788 4.960720173413850 0.063016219556793
62.657519568588683 378.036540369519230 -0.151145858112179 -8.171433325015467 4.456945784531154 0.010747475524652
54.548554981300228 382.363549489535785 -0.100095998451944 -8.066743831273682 4.157713817062475 -0.019791347231856
46.104788590256604 386.324772708860564 -0.127474163355003 -7.930506897127379 3.971114810349982 -0.042686271020860
38.456620837279154 390.220082831992329 -0.153498316037810 -7.198167006277610 3.688844233254712 -0.032557852945242
31.904126223344534 393.458778290120677 -0.245756334651466 -5.599070743843556 2.763632575839312 -0.071437279309565
26.828250706195313 395.804074615641639 -0.214968137370958 -4.751509752864562 1.923901323880597 0.025096529957278
22.254585676843337 397.459795472551036 -0.242133216716044 -5.756871862477279 -0.656676688435798 0.003534569533296
15.794854691993631 395.584627513885891 -0.259259106515859 -5.691218495911530 -4.184548405751361 -0.069755678862793
13.275346900147225 390.721535360510813 -0.468344541964308 -3.906924262798078 -6.129048581094719 -0.199288355727834
9.409299922884344 384.091359323407005 -0.524988798524028 -3.919374620364359 -7.419966987755944 -0.014203129591340
7.259459848618025 376.212934383186280 -0.411781085783231 -3.762960139459666 -8.049374711931083 0.045313943037460
3.297228569808471 368.018970848904132 -0.449833666047512 -4.084087430145968 -8.136467375732664 -0.144689249740061
-0.416375387929779 359.938570213281025 -0.514508456335756 -4.237988234634460 -8.119775380780183 -0.062351233334377
-4.771962765368254 351.841894926817019 -0.607052383763153 -4.349802647411448 -8.019101035272731 -0.088929554339498
-8.821944877302688 343.794097203578644 -0.629785922464443 -4.281832385684412 -7.809600234365041 -0.081590569677550
-13.105687608578828 336.014677956842718 -0.638919395768224 -4.174527583124902 -7.877691825422886 -0.061156741417264
-17.221569150380503 327.919920536056225 -0.594559242429210 -4.180992360760222 -8.182931464092189 -0.030925756437102
-21.560146201734753 319.674822738318937 -0.679997419059635 -4.440605611332619 -8.276163324641583 -0.077722758423378
-25.943893598334224 311.281438260919856 -0.775268698402022 -4.214485250273944 -8.477968476509755 -0.066765082343266
-30.153609480070060 302.730275092252327 -0.792018077957939 -4.155540575673252 -8.548523637429426 -0.127912743378078
-34.215974468425252 294.139616903672959 -0.817153720736536 -4.146773239627435 -8.171820408270900 0.006879898486982
-38.176925470039698 286.427010809526507 -0.826480552837219 -3.636742570699725 -7.218797343744378 -0.055561269311999
-41.679991976791499 279.686474749534966 -0.692817029232018 -3.255552799754393 -5.751185262030431 -0.038000435479484
-44.433673847546082 274.832767541159342 -0.719676307637650 -2.110047024538894 -3.979602832343475 -0.031298185550952
-46.340200833060287 271.218601621375342 -0.732979920955430 -0.244930568023636 -4.264424996405948 -0.034516634836681
-46.121298401991929 266.162102027004266 -0.773367715786761 1.528053169313573 -5.166921672825763 -0.095284571500109
-43.111066400843505 261.811818463748466 -0.904511517745013 5.607925094082689 -5.422230658882540 -0.056476585873569
-36.630341579446714 256.772532215678098 -1.009906408016933 7.274859932206546 -4.667784889483359 -0.140105600202062
-29.739647733029777 254.689229819595539 -1.061133101460040 7.237012771739673 -3.920317189000287 -0.092819151468331
-22.210859326518104 250.599445495385424 -1.112375355988711 7.820575566365440 -4.080562300624857 -0.071611764163874
-14.533781867604173 246.466282878714566 -1.167062075026646 7.921363467504631 -3.697730956812014 -0.071782908066001
-6.802067582632136 242.854341079211395 -1.279852253278709 7.349728218258416 -3.536326645225309 -0.029157727425687
-0.426134167276390 239.765870715975410 -1.226273942984619 5.484502590123344 -3.190939499644432 0.049588502514646
4.674360995195510 236.639050120053582 -1.190266101583675 4.878498385911924 -3.123421141827260 0.084047492890654
9.292511486070683 233.854137884596383 -1.201249270867124 4.915861915691180 -2.394906291682149 -0.003079142145491
14.531103113456371 232.119665981193009 -1.217208185373684 5.578462985359569 -0.648880598821852 -0.062036226346045
19.363734892130534 232.317038690606182 -1.317572824423464 5.699279720980130 2.576570766584573 -0.064135645551580
24.515376894080454 235.735782966906356 -1.348302432852923 4.016466822656036 4.519987976064631 -0.092833596022338
26.258941223712284 240.404568749106659 -1.287227820502169 3.216943380988011 3.259054433602555 0.032157457763893
30.126039594664547 243.780022605369510 -1.258191183117083 3.932560088231667 1.700609716966164 0.081346048543631
33.083743606670609 243.528858728138033 -1.306212087945100 4.750740835822993 -0.916037312359050 0.034676258842152
37.970821188907657 242.183641933885383 -1.407794378847555 5.388608697419278 -2.332826868107540 -0.027306880063473
42.917639831572899 238.784564494589688 -1.518721240487145 5.956690555551931 -2.944106095964890 -0.095603545368899
49.340309124945378 235.520624867981354 -1.568197884352788 6.765718749230916 -3.569828141104403 -0.057162316072256
56.783232387570465 231.558007679973116 -1.763863244590154 7.394796223007210 -3.975692857742303 -0.012805043233220
64.273658817643508 227.726119844038692 -1.800446817958108 7.489084733482196 -3.689570799700908 0.010750659836597
71.827336340813957 223.866309645917596 -1.720483494824114 7.214632115236806 -3.522839485260890 -0.110919944044725
78.932365832177268 220.478365350301829 -1.767450029307038 6.964069933956070 -3.256548137306842 -0.011570120837213
85.407846110382280 217.303033122238077 -1.751027614509296 6.135503753120926 -2.775978851785555 -0.021818631091337
91.212575483797366 214.648174634412641 -1.780419908378167 5.201389490244799 -2.413674200373463 -0.011624664679173
95.439500522028155 212.582249725520398 -1.818175623112942 3.473077759752077 -2.052391435945225 -0.052950295014100
98.173560466081454 210.816983211752728 -1.859363908795840 1.929578431521553 -1.395601098205252 -0.060912781181736
99.456007744410257 209.738581737211064 -1.844280088696286 1.139252153853459 -1.125895890662194 -0.058669372254348
100.897954828393964 208.412771597216761 -1.930518436590603 1.871210782912982 -1.998996065776833 -0.072872481340559
102.493385576886169 204.962050382787481 -1.821318884341013 1.335733622691636 -4.883518175092036 -0.063159702111027
102.295155908370361 198.864745703380152 -1.808497478482665 -1.830350125952050 -7.208879035569492 -0.008329208578658
98.354665115604448 192.912690525939752 -1.639409391743183 -3.855980460091282 -7.141027206017871 -0.000311471286959
94.056475473586886 185.012762639703226 -1.678308205671736 -4.629596383267462 -8.608049057954844 0.031790731419712
88.812028389384636 176.419288558668455 -1.644567233850577 -4.782466089330096 -9.527354991795088 0.068042956065307
84.012951880848760 166.598440577788352 -1.563803282321537 -4.841776397532668 -10.052784327968126 0.079674938949640
78.531492752364798 155.981855743678608 -1.333011679196833 -5.365080999791087 -10.495183512233989 -0.025595900236079
72.946751461652781 145.258638314656906 -1.303836836436820 -5.740209242492979 -10.958332233654431 0.065395489046611
66.981542387619768 134.302635953277957 -1.281325192694573 -5.873384285084752 -11.185392629843042 0.100803726824646
61.158071778920537 123.090461898946629 -1.175373029236646 -5.741944995906807 -11.180636747314184 0.097242165583581
55.368560251303769 111.960208623720050 -1.074387906977218 -5.549425672807076 -11.011676080056120 -0.018160527154613
50.009053340570311 101.247968092248982 -1.066988866997561 -5.073280245818113 -10.180344690739549 0.080835623196039
45.595436173554241 91.849874870770464 -1.010046323335490 -4.363887155783049 -8.525758561100449 0.153924667168085
41.740238564636044 84.359260731756407 -0.868584264613548 -3.366436757357733 -6.478665710417492 0.097047643170709
38.211338922637488 78.888119319906792 -0.584414945912831 -0.887241980422601 -5.792712377816435 0.137822357097445
37.986456469509733 72.496990968593408 -0.353838901805931 1.145553723277071 -5.513677811200441 0.130223543426842
39.804717463001616 68.913172896283058 -0.527744896530317 4.555806639761452 -4.693083216845089 0.010853247351495
44.748686977788317 64.564764859006345 -0.456314154614419 5.874318455104713 -3.743454362160596 0.212058533890777
50.322879819548433 62.887975656935879 -0.375821742109921 5.894544098692778 -3.734134050698544 0.098439202822152
56.802045357819424 58.879016088533348 -0.276432405069770 7.424728176115165 -4.042621664969901 0.045709529070328
64.453742965824745 55.248976442232689 -0.380462171218981 7.425865280819917 -3.870956802908643 0.142650625541650
71.639473058176719 50.930941851168733 -0.243622161913079 6.922498694629465 -4.716661049550397 0.128669255346017
78.412144868542271 46.228193032825153 -0.012656726225236 7.174595041950968 -4.974985704315546 0.132268713805312
85.488802195752825 41.175757785063361 0.121363429229646 6.696851528724356 -5.509608447389306 0.240268916890826
91.931039607021248 35.684844130237181 0.136952300367022 5.546282795752100 -6.870837350408028 0.160596075365671
97.439259072135428 28.577940689997725 0.183978524737762 5.545739545596584 -7.314988516458146 0.081352827281729
102.460568161185151 21.120663029045058 -0.337026061147160 5.042566962815799 -8.230058076907584 0.145285040858920
107.414165563647273 12.846224248601743 -0.254661060210906 4.788132116147744 -8.254482395754797 0.074343858227593
111.798991644714647 4.716803916443236 -0.314856807453043 3.409287374704348 -8.632056934832612 0.023669560718140
114.613651425400789 -3.828748653120915 -0.307390557225323 2.362437230748751 -8.053679207890355 -0.005979441230208
116.768653631535813 -10.522452410213511 -0.401796055257154 2.458929087314840 -6.116526046568779 0.003302291785096
119.137772114853661 -16.604546197980000 -0.412362721048779 2.318592840169060 -6.244061964185253 -0.053545013915034
121.460617703116085 -23.170844583167771 -0.400888259574872 2.621537205924576 -6.898581838358610 -0.189904793197904
124.466591539954635 -30.468709219976866 -0.494376092493554 3.221794393074386 -7.784081440548760 -0.061944398229162
128.212910597238334 -38.630523158110719 -0.534618864745065 3.551804940672058 -8.658383017204311 -0.054477666516329
131.748376573304910 -47.263592193721884 -0.676999769397839 3.556677116716235 -8.574611537766124 -0.090102693503923
135.505275804639865 -55.681891521187012 -0.773215701355478 3.541746928478409 -8.382678277050481 -0.166218473563119
138.956675931152773 -63.926501705068901 -0.851337793835203 3.341225036440050 -7.915816577174567 -0.013101635575246
141.924718879864429 -71.032668491178271 -0.848918175400341 2.305888788802113 -6.355463528354788 -0.111428018761941
144.074396952427094 -76.590297743728414 -0.861491938061665 2.596915134635344 -5.057585502262684 -0.097311338999194
146.320873815674702 -81.517044557609779 -0.875186692241584 5.194170384910564 -4.160654303973056 0.023501931612707
152.192881403149670 -85.563993098510110 -0.901516298793779 6.195845954106173 -3.911339761318786 -0.124477702648485
158.591750802851124 -87.240582600577696 -0.826577308453794 5.894800554836825 -4.012864881379860 -0.051176650242646
164.654686678742308 -91.435539950283129 -0.822814021492927 6.214858163210426 -4.262692118710076 0.001261511508495
170.794643056563899 -95.765971996676214 -0.748529640020875 6.404259116083715 -4.425935974766074 -0.034223133389305
177.357215626226576 -100.396281362827708 -0.711480586736052 6.677018627586895 -4.772579409033034 0.009801441211042
183.887470745822100 -105.172848932894155 -0.632213941826533 6.811159689006286 -4.640156883906463 0.132344938790769
190.741160543124238 -109.899465293065830 -0.667643364595858 6.941205929195364 -4.857129392088546 -0.075810620822154
197.990088154699123 -114.828384463932792 -0.747956847367979 7.190404630836154 -5.032972436916648 0.012881192747889
205.155014897018646 -119.884317701058094 -0.799687317296487 7.076114911733944 -5.079258095294915 -0.064206234902208
211.928218895692140 -124.918212646173615 -0.814205154704292 6.909853322756622 -4.763081119484382 -0.085091688103919
218.660360165499441 -129.475216398796590 -0.799252493109957 6.398990204562381 -4.225231541530523 0.043167577716157
230.202408233923393 -136.865870374165468 -1.156975085699125 5.408399182921020 -3.670427781416514 0.023455331314648
234.747730464959972 -140.426661830860297 -1.176752850296730 3.938000850089335 -2.844321575857978 -0.019210776842271
230.961734195861794 -139.290633811435413 -0.487598969189244 2.061254545990746 -1.681817086316702 -0.060262362212685
232.041974643158284 -142.246689566734602 -0.504821008632508 1.892434253218587 -1.234055670624794 -0.011951381448987
235.024730215183951 -141.867919684612446 -0.478513387677722 3.428756799836692 -0.119401199432501 -0.071656008052290
238.475955817341088 -140.592533500642787 -0.772753635547835 4.528275269178632 2.347534051000250 -0.493075001523680
242.727745192372026 -137.724243739109369 -0.922682810944948 4.501517966380272 4.570103153435812 -0.637917861046329
247.492655313743143 -132.155379973711774 -1.558140038632001 4.962343170378237 6.467612202490535 -0.643845242201470
251.412465653871323 -124.171594421016238 -1.577022671038721 5.401987072464545 7.344172734979344 -0.559576203748137
257.178863280745190 -116.629132131346225 -2.052187101973729 5.984949508454579 7.692094046281721 -0.418291922818904
262.820317590184288 -108.904171737320681 -1.261560866532631 6.086948237019477 7.795126209267054 -0.344118883832305
269.047007369665607 -101.137674018350012 -1.556410890978501 6.450514444791368 7.679319499126427 -0.280270942390590
274.437813736776320 -92.790832625255945 -1.327676147833824 6.234006268853032 7.840931936980697 -0.013241136863056
280.712335146708938 -84.966721111717845 -1.343194845225756 6.387110569141271 7.704635294959070 -0.052482912183189
285.640636718094754 -76.602747341246371 -0.906845244493844 6.353481592150339 7.716993806698206 0.221079331411110
292.266525300916101 -68.980524784019352 -0.786121523816895 6.873196231171968 7.316455779468612 0.140156955253406
297.448184263302153 -61.447276738973969 -0.615563817279840 6.620166571194537 6.919729931300578 0.155676343560138
303.863603461926118 -54.654149035455113 -0.361304750530678 6.246775534237007 6.592827124636177 0.181588928771831
308.225089212582589 -48.065389251520195 -0.359113629063360 5.458985149249796 5.564405809204145 0.175231507736075
313.395133232397768 -43.262672354941252 -0.163284378697325 4.744319046361632 3.755453084997057 0.388030836719109
316.427357714313359 -39.683871196603299 -0.135429289988694 3.678620112074400 3.676900793085972 0.289681341318654
319.685891992013353 -35.997944136315269 0.121190094028417 2.582543623569220 4.894307508837034 0.449660101754374
319.336788599659371 -30.105154891043057 0.024751065917608 -0.750613844359850 6.856002232661472 0.612728925225073
316.970416689467584 -23.693669483153503 0.630892255441123 -3.682159802207220 6.537404171422352 0.718499237152303
311.765464209574304 -17.934293178711908 0.678809110848523 -3.881250052782024 6.069125246468738 0.694141644433528
307.722191857682958 -11.671314266174798 1.431149383866140 -4.138662507275162 6.212453180136106 0.688667975205865
303.948982062292032 -4.487161277486325 1.617358171325394 -3.617093300291319 5.894349389985740 0.822466721808635
300.640919509182993 1.105394455424822 2.337784601744903 -3.335048693475574 5.328752991014766 0.684735784608820
294.201203949184162 12.498986896993761 1.197066888864578 -4.786234611410038 5.790394966428554 0.254830857457308
288.681680985544915 17.690001036849928 1.433344295559223 -5.597532053138875 4.807560996399284 0.191487514611740
283.782242658505481 27.805153552946990 0.898361170040062 -5.412823328584758 5.182384028569970 0.167414061569304
278.269253516129936 32.408579680773407 0.931789323493632 -5.533379902244303 3.883475437963499 0.013923904818447
274.476222504119619 41.623787604522803 0.567178136956607 -5.216608811025763 3.332424845504354 -0.023098155980562
269.454122644292795 43.887733916695176 0.422242224246657 -4.797738176608109 1.143151972967971 -0.107845768185772
268.551301915545537 49.801850096108325 0.310212402327758 -3.000374635196858 0.236431280861984 -0.243998348124801
266.076417780104464 49.433977946023766 0.130940084648079 -3.061857268710678 -0.255562564054749 -0.287674537548681
266.426930534924281 55.740935325381727 0.143804740003182 -2.740437115361092 2.969415214279374 -0.171713670086760
262.723037030633122 59.980598954790572 -0.171974451205093 -3.992557628170951 4.771743652639272 -0.357405737382879
261.811259745179314 68.115989229496222 -0.249404785341634 -4.374028932078923 6.495143004997134 -0.457132757776266
257.013755204158315 75.075299622952613 -0.580658136396496 -4.990471550682611 7.090808876086280 -0.164104623794932
254.116327526093471 82.744008791379628 -0.194906847885279 -4.400804250139172 7.258879320908419 -0.065611050794845
249.793666806598850 89.744990138286099 -0.306968465535553 -4.241913713343581 6.642289931015612 0.038342010354060
246.993132823818854 96.371388059677926 -0.078574752964544 -3.287077316109814 4.857116148182641 -0.108197831600851
243.595910937852864 100.597072312526720 -0.180385428091916 -3.539170932765305 3.441345783988140 -0.079681085775597
240.154709871885359 104.477090020912613 -0.006647947350109 -5.449685354262753 2.497076259363714 -0.040947560551947
233.889347261610425 107.025434866064813 -0.166430254673379 -6.882805987595035 2.697257222576225 -0.191055021988791
224.914047690659686 106.808189955355502 -0.597834015130100 -7.818711345963054 3.645719040376319 -0.150063923613557
216.539230590498363 110.899172966249395 -0.724553390456403 -8.818917073675893 4.316140140240367 -0.037918136551523
210.110518385710861 119.502764807801398 0.018988518369134 -8.972036923544117 4.198714102785041 0.004000255938994
201.205926401108513 123.566860339753660 -0.063561020833093 -8.818295682023397 3.974612854169918 -0.069203260262789
192.942355961995503 128.012353654942615 0.065438891174706 -8.600668209467013 4.072029071579877 0.049134169453653
184.434656830988246 131.846366219098456 0.060880801433642 -8.225165862502932 3.460597428702576 -0.012884049810197
178.186285151925290 135.195530958280841 0.322342592125381 -6.479771067848492 2.832894990286424 0.015540801183590
172.271076868513433 137.909927138333614 0.319248967934277 -5.671128283928769 3.384216108276757 -0.118629171510503
168.214592278663531 141.210928227391037 0.136660871823134 -3.678483810512928 6.454794030427182 -0.111727972132175
165.359563871191199 148.046962829686578 0.029901749053882 -0.130927957116782 7.812525907113623 0.047953953167879
170.786339141997928 155.397719549820920 0.340602545921922 2.932912266551287 7.081412679585554 0.124702200173656
174.009637446618058 162.729689779007145 0.241864181891406 3.408304300416444 7.838985416386969 -0.040682211430967
179.690671630045301 169.475646423231780 0.515612075281529 3.798632790262066 8.199248659649454 -0.118333956975673
183.766296460194695 178.225124580778044 0.532804916896241 4.396806112642592 9.269863787225056 -0.139143375423639
189.239115083110960 187.106788947926958 0.498893571706001 4.908054602784373 9.899943939287812 -0.033968133694888
194.174701881523731 197.149321598103654 0.445843940968736 4.906513610582826 10.181178834692735 0.054950173854756
198.911493331166497 205.753039422427236 0.543243919357308 4.899011211754000 9.902201050844132 -0.044008470859831
203.834006996729585 215.726429928158154 0.519350016396275 4.879647780239666 10.055966865831277 -0.037470587965850
208.064808230940542 223.677764913902195 0.333537878275409 4.458927154449273 9.872592648630354 0.001748101150219
212.443225028941526 233.777221963390417 0.352409822776199 4.174265117700700 10.394042214919113 -0.046164807708678
215.672369021422270 241.642186175740420 0.206462050618388 4.537084956619044 9.843490023759241 -0.249292435957174
220.469280845199052 251.630917944391541 0.084363442351127 5.116715309718121 10.054221876899138 -0.123882767177519
224.833449043139581 258.913221539197252 0.011943049534977 4.969540082182487 9.384981756569569 -0.121466518117856
229.581143481826984 267.940108071383747 -0.057517226177457 4.615858912390477 8.610626574601485 -0.049925494231181
232.857923283816831 273.325168276995555 -0.160167201347350 4.016057710389914 6.483020245305667 -0.062950313392387
236.912688094434088 279.703625428744090 -0.170014921990768 3.831773218667462 6.456803153113914 -0.080124538707156
239.368641399324702 284.686450706571009 -0.291345325737398 3.349907700628713 7.551875559923741 -0.088067174932445
243.105448676969530 293.044730779811744 -0.377777247596130 4.572751840156625 8.915690009315952 -0.165303631150926
246.712730676356557 300.271827048644127 -0.375840812977694 5.540869762803745 9.175855710482944 -0.138939606551124
252.448605548553530 309.853858562912194 -0.513685735633781 5.629478170964347 9.895623440599469 -0.049376755502286
256.722692872326775 318.039455639517087 -0.318009335211945 5.143901724766730 9.519572479847776 -0.005547031234303
261.861771765236881 327.461923852142547 -0.404626961581552 5.145658062602855 9.229366890036394 0.064705895372762
265.431179494328262 334.700916207549199 -0.175927898060376 4.067729132854172 7.886702261271208 0.029422124980830
269.093007167495784 342.008250684736993 -0.194553090893956 3.036847846873710 6.811600160938172 0.065872621591594
270.240047832665141 346.901259454867215 -0.052298424226065 2.654406679277049 4.741630067727655 -0.007581227394518
272.997277073303735 351.919502891469733 0.049059588754594 3.534545822938815 3.801813704126866 0.250502187428778
276.149334068341147 352.113396373325713 0.148573161869618 5.198658361852614 0.842602667395195 0.334783812431531
280.723445334986366 352.393716831011659 0.477356945307903 5.345121117972895 -1.000647346284188 0.499521873460059
286.456389259956836 347.430985328236204 0.491633331038174 5.647646096202050 -1.389979541355645 0.362413387623190
292.659207889320044 346.091095882946661 0.929336311232803 6.541840629232466 -1.308243513496171 0.438304252392127
300.473776248751051 341.834784349952997 0.644964721817864 6.826959030462085 -2.019257657549420 0.290411100203616
307.312886085482091 339.921894988091026 0.994869811334350 6.694086994887579 -1.779211860736543 0.407947909513059
316.745926557024973 331.886013594327324 0.440187049976880 7.164876395556447 -3.312510221840972 0.183260653337057
323.625215853385043 328.682224171398673 0.631865031279209 6.500049938445327 -3.176020931162686 0.141485882610742
332.480860485401195 322.863560046902023 0.337942051423012 6.530695426368018 -3.626133800344930 0.127933307598942
339.106019995210602 319.830817098354203 0.347599797037473 6.282068789841490 -2.860335315936140 -0.042679430305632
347.972048839588069 315.795010916094043 0.162759891678424 6.705417707824852 -2.449550165193398 0.044801896738666
354.649982545099874 313.956529601336683 0.076070029885024 6.404300362621825 -1.714823029341275 -0.015023696659052
363.856641259711637 312.153786951712959 -0.033661020215748 6.854063560326712 -1.350724242044806 0.018339874769429
370.528520033925759 311.346485489873885 0.022201637189916 6.399151861879255 -0.766180305538605 0.002384460613641
379.063261269544967 311.220179514073436 0.181590254244247 5.970030541260298 -0.185831906956831 -0.021829666799827
384.075412271771995 310.829269968194353 0.109302236330839 3.986039647597982 -0.726608287669326 -0.038835064588467
389.005718041283330 311.533089331599683 0.137815049269723 3.536446924982783 -1.750988795147377 -0.120332910583906
393.243040236101535 308.594222105013955 0.033244234458206 3.528848502230621 -3.308725760329845 -0.173803689995478
396.628632599348748 307.308782906064096 0.081014500990230 3.927130514627402 -6.239627779888927 -0.332836920601815
401.097834078797405 299.185221771616852 -0.252527882808847 2.909861997809200 -9.882224266223052 -0.408737539947028
399.322111741306628 291.636860166571694 -0.189825819424074 1.333217797099835 -10.600023695236958 -0.213670355407893
400.589109280417460 280.642934563803806 -0.442972301552821 1.297206268267021 -11.131483859726503 -0.180312406931707
401.660420041728059 272.108750595002050 -0.143501539295381 1.264081195027133 -10.594857109811473 -0.072471491494777
402.849537174113095 261.509895585709103 -0.232603410515677 1.080467131370634 -10.587851868654008 -0.062858872851818
404.320759306760181 253.258313540090739 -0.084178692692233 1.297299762182095 -10.422805112837416 -0.132786101284871
405.676289355597135 242.403555014620309 -0.135065573306971 1.220579169777070 -11.189105456230415 -0.060309784829091
407.525417229627749 233.446592235978500 0.046553893420316 1.161867660025331 -10.781802867715314 -0.140300582967515
408.691654874505332 222.961930204115390 -0.115258854649700 1.047210900478827 -9.883337024929405 -0.228942050478428
410.467762698358456 216.809718443657289 -0.182860538517322 -0.497785983340207 -8.488650432252477 -0.208003044898412
410.797848400770818 207.515452101192238 -0.387948843232288 -2.598576474163810 -8.267390954407752 -0.166768617791051
406.669686356147793 205.629909832655699 -0.299550542958991 -6.986987483801497 -5.320403403305138 0.077329682725808
401.424281747873863 201.640059419495856 -0.112593088861486 -7.511619575426391 -2.133354460495587 0.235028341108687
392.670292023363459 205.347239463460170 -0.098307274650426 -7.182464992216885 0.809522116207119 0.313045465505239
385.951429541607752 207.100097809633212 0.183485392696787 -7.480732755073560 2.242616920827289 0.374395475141271
375.573011655509163 213.546835494760529 0.063267501838106 -7.967303202876673 3.573899541992333 0.298271441601895
367.792523579774240 217.361857287256100 0.354847432967113 -7.760674386167731 3.853754035440681 0.240884288422121
356.533962025569622 223.655185219824318 0.199029078939111 -7.980718823044675 4.485809208476422 0.126930844754606
348.903870802063693 228.109035121135690 0.264743267395936 -7.316935541182970 4.326290570146534 0.053987084287656
338.345487414313311 233.868313170303395 0.117441252042596 -7.499142692470066 4.516635718160658 0.016628282759420
331.499923725343024 238.307510452238773 0.196924052414163 -6.050658213783210 4.077660465561221 0.030863642784101
323.172679942519835 242.689167817221602 0.147974095307513 -5.215798718932491 3.058939135911466 -0.073391629790189
318.267092280520387 243.701397994120185 0.025103659793769 -4.351063170551877 0.428611406659377 -0.176212214830090
312.648358670617483 245.249230241330821 0.017344921560622 -5.928729235459478 -3.334896201060014 -0.137926807495077
305.783253369165095 239.789562025504580 -0.090535544310064 -5.054663485529689 -6.825208063683451 -0.244305023322216
305.066175366439836 235.166233037420909 -0.436633810142091 -3.945957080217300 -7.023758530658966 -0.305802404069207
300.722782088828751 227.352233896091690 -0.680117079215276 -4.579062832839728 -8.923402997588934 -0.203095599234710
296.578273412360318 219.216637039359540 -0.363957489209741 -4.956325619206038 -9.921759232633045 -0.076503866604194
291.569942579057169 208.913107890009911 -0.456364340721291 -4.931873637970837 -10.605310305740581 0.009282056364138
287.145007778984791 200.765387524618006 -0.154559468252650 -4.782559362107060 -10.066786823203042 0.006992913400785
282.265757282236905 190.498612208591510 -0.170948701931169 -4.999267636974817 -10.526467141803268 -0.059614286081198
277.405997994332040 181.893939676312243 -0.013473718114396 -5.154202409635953 -10.539565156335085 -0.014919932063610
272.193965118629819 171.195838168854294 -0.020613835862356 -5.165505998954283 -10.790515149577683 0.128224468775331
267.235403151571404 162.062349616316851 0.142175160781667 -4.831134978696518 -10.294606053518711 0.005272275039430
262.489271571808501 151.837817980914650 0.235278267969431 -4.688687567836697 -10.098429970305308 -0.027712271635522
257.491193770447865 142.870743554982596 0.167977531609380 -4.509825370656248 -9.534419622040199 -0.180300447927247
253.119698188115478 133.589273951663756 0.154370704338470 -4.133547961181523 -8.944782604634369 -0.130752478051861
248.661399415676613 125.769558444766290 -0.024428093486150 -3.212841210082358 -7.550398770631644 0.072821532894633
246.019948381747440 118.933761180989293 0.068906920727804 -2.000491722453940 -5.941628857095857 -0.053966784427544
243.696428491083651 112.607253322445260 0.097128890004497 -1.261276534692756 -4.232888183150306 -0.130589358587469
241.792796786782787 109.232646478174061 0.034288341280534 -1.838708492652840 -3.094107666832571 -0.038502204261818
237.386518603390499 108.768054342074066 0.104196809272073 -5.116234994416484 -0.972967032202897 -0.145272893224075
232.447585838936135 110.250586965333738 -0.012241861412215 -6.133086137186626 3.113080350385768 -0.153527717083822
225.495475630901723 112.347200366546502 -0.000219802773015 -6.277914015856965 4.742850031535866 -0.113849325878918
218.490387622693504 118.075683756114742 -0.089724660271007 -7.626413551551786 6.495737795147560 -0.092366407954471
210.031474745589776 122.446858387138420 0.064724171999449 -8.176032933822835 6.204689767132526 -0.119742761974266
201.886684067820028 128.686703098893389 0.010985643358640 -8.100883860621909 6.325368641528160 -0.022448356764339
192.872099195276462 131.437232603523029 0.296855656858560 -8.060614487427010 5.680033673996570 0.106274239602388
185.098111773307636 136.948469178647542 0.298104455192315 -7.219735509266910 5.238986401640585 0.006131350854832
178.751457269086615 138.296839207626618 0.386658883050382 -4.981117851070361 3.476215455320522 -0.070353271575500
173.974630166108909 141.629048094663347 0.306753033406329 -4.076435763466834 3.489392656360187 -0.118661921345224
171.024484871519860 142.943660903125533 0.172153389759989 -2.725347447924583 5.157814576959818 -0.145718222723909
167.693438843702012 148.642504082673582 -0.018533267966793 -0.497995612599536 6.601324458758671 -0.153055705562779
170.202142985844660 152.822855127137473 0.096761731988915 2.206391298009104 5.739240790014465 -0.026904218908178
172.647069949736391 158.049128865635652 0.082708802577140 3.081201035473842 5.219348863712776 -0.058095834971807
175.911482765245069 161.570165347304027 0.171389712216554 1.522491912585731 5.142955133634757 0.000859481704254
177.277705916502782 167.497317852872754 0.325684947720579 -0.694813771176392 5.579574252398067 0.080210273971629
174.537608569449930 170.466568488607919 -0.136923261475349 -4.426239361132983 5.200568852444230 -0.166922690280294
169.671295496339212 175.243356581462763 -0.377417237837385 -6.276380147755241 4.768026751884950 -0.174068945506961
162.343612604843685 176.469002184918025 -0.625352707764463 -7.095963765469390 4.517667313952773 -0.158363066902573
154.581155088034166 181.404582821282816 -0.766942100962661 -8.587837510993525 5.330300540779763 -0.120331307673040
145.363276651652797 186.072735151289578 -0.835719680650102 -9.447755312464405 5.469003228863100 -0.045434474069071
135.973723003549594 191.514674807553490 -0.869568835860621 -9.374448948919163 5.261251627447613 -0.124310598981713
127.102944399208582 194.394024328641223 -1.009116520453745 -8.750668305883163 4.084210244188549 -0.160655876050926
119.189149062873966 198.028497595060259 -1.169476542423774 -6.962644934055971 3.100951256802662 -0.141290309199144
114.184367818574628 199.785006525581394 -1.044085614315335 -4.020517378768846 1.982836437215187 -0.136249217512184
111.194371483603902 201.161896458056987 -1.187222028621069 -2.255269530076722 1.031798364539702 -0.139823540742263
109.624175839082397 202.333235961110063 -1.067435691192415 -2.087576361863003 1.537887509904321 -0.107797633192513
107.088195471345330 204.463929140369345 -1.062788346686716 -2.456169159224473 3.416613337925346 -0.009691792777518
106.995241873540536 209.515665632530812 -1.030733793744185 0.565758013968384 7.166892422390749 -0.067304890994859
109.489838545257570 216.978504725123173 -1.069980783261837 3.994235290387690 8.206191830801817 -0.062651956794524
115.323170413385824 223.656752739339680 -1.090572305809720 4.835460901243311 8.353686790281973 0.034072031591004
120.618612024544390 232.779787984102711 -1.093864466242934 5.591123610646459 9.690241338117115 -0.038485095554911
126.100221062529187 243.299044608849016 -1.232681391797416 5.785077977129772 10.327703597544524 0.069342340104089
131.969829902465335 253.720893224474167 -1.194613310404270 5.978832067694912 10.463606437111364 0.122943785977122
137.650163526834433 264.851518059344528 -1.102752391556114 6.034960634271693 10.721599530025619 0.073684139893706
143.687327156276496 275.598644031233050 -1.124545207188175 6.016719173588485 10.722239450084272 0.002259118154295
149.242469323625897 286.537155725994864 -1.147653389082274 5.840301597864126 10.534049967425434 -0.021801683682352
154.811832273940638 296.653243307707271 -1.197083944679966 5.187925986966767 9.477261816365056 -0.127588785288754
159.292778565937653 305.704896648302622 -1.326504187830612 4.631211064215150 8.178102959612545 0.006096404767113
163.474432980468947 312.884086444155628 -1.350652771208688 3.672200200920948 6.109910741890335 0.060541274980759
166.145123460380489 317.684297209970339 -1.340535709341101 1.964348243234989 4.550037628617389 0.044363777571807
167.778036507125137 322.287011873583253 -1.291633459101591 0.442792644634399 4.983044098214863 -0.013293263934858
165.811995280917699 327.021721847035337 -1.566428336936647 -5.115269422970440 6.077788378789121 -0.313725667001439
159.223781749221359 331.980205679719120 -1.732945099552411 -8.104232802979709 3.976250026877041 -0.297043658748957
152.251997295226602 331.669626554738329 -1.595304928358342 -7.699461372515849 3.164847512402878 -0.027553320337852
143.617192148278122 335.445644842354966 -1.597755139669575 -9.003401364687313 4.349968851748395 -0.105826323098981
134.901545566840468 340.187404321669078 -1.449189958213984 -9.403322622238369 4.988632150637056 -0.032717665132996
125.422716341497136 345.227380489404084 -1.492793295072304 -9.486290319673623 5.005785140974746 0.032770122422219
116.593910773670686 350.157963566345302 -1.524418927314729 -9.197813314556566 5.031581041362676 -0.052629319509185
107.903400043118538 355.146551350967115 -1.539056235676520 -7.962270047031087 4.837034595580582 0.036266786018209
100.427497293503095 358.815647534958543 -1.358779669653108 -7.450959750533424 3.846199339202343 -0.001734660790549
92.654013934502998 362.449331025764138 -1.284104279656889 -8.198576659463974 3.733702506149018 0.146114042192460
83.815546661943813 366.208383160436313 -1.214801632629467 -9.358371094895569 4.756080495348506 -0.201584217683304
73.996766942959340 371.471875265864412 -1.150702510347093 -10.008781597876382 5.729586675481340 0.010308386846095
64.194266194078835 377.677699032233932 -1.265764222821085 -9.906672746924260 5.657602693003169 0.223061366987359
54.226901521643079 383.017440993371338 -1.141235669832229 -9.914407170171460 5.160092840755179 -0.028695434135266
44.814367658429262 387.445091555243096 -1.076252507857377 -9.654974568334882 4.753713678455596 0.016464068968297
35.312796352619031 392.088213592033469 -1.051163789829060 -9.295461089014765 4.539455749657441 -0.051849619023944
25.989568181463220 396.381047330321167 -1.036975361982885 -9.239205588635954 4.759003857339350 0.064632028671033
16.734961326102479 401.378833601240501 -0.935821474160284 -9.342518889816576 5.120166691460880 0.046007342222780
7.249088829391043 406.580914614029894 -0.910699006538322 -9.427632164352715 5.635147599717229 -0.043462631984731
-2.105379979129964 412.285822945786663 -0.938941663988297 -9.163606244663354 5.728647278877855 0.035167880483278
-10.850361464827506 417.904650942827175 -0.878318922032549 -7.830884026698083 5.599001003517207 0.027129681099938
-17.992057885576404 423.183964143473304 -0.857895974941923 -6.244537874085410 4.875667568795297 -0.101143733706369
-25.329483353398491 428.269944292541084 -0.674956936688579 -3.452091506250345 4.086840661670460 0.156664136647984
-28.170682549616590 431.705674110466759 -0.539554727085914 -2.285201947503046 2.831224631933940 0.074264396619659
-29.046083897018342 433.219018231073903 -0.825682000657618 -3.307229834098670 1.958546928474221 0.053134312081282
-32.653481103823651 435.229455339030665 -0.776748656532633 -3.736581710921411 2.008191570423394 0.002457471553951
-36.124951031824835 437.082974472507317 -0.785993121877861 -2.876112024222849 2.286205650946992 0.024713043215567
-38.542347357163578 439.159686182627524 -0.739780115392927 -2.244622343842490 1.872530574793936 0.058571284316572
-41.191970284088214 441.021328348540749 -0.771780285970089 -3.695846900704608 1.390888766038543 0.064984290561896
-46.111158852417745 441.785053562023563 -0.753592177542640 -6.000241492517446 -0.599162230409134 0.034277865011564
-51.520453935976626 439.063764129503625 -0.787053275516771 -6.970035069652405 -5.144653709644797 -0.099280310975459
-58.253207431272415 432.555723203409570 -0.858331959812643 -6.408616937539353 -8.319287413538586 -0.103510144230951
-61.859363398359456 423.447667548420725 -0.793841472852842 -5.874712775013850 -9.054763340632821 0.005395040940041
-67.894965696276074 413.986876762378984 -0.786885726401553 -6.058661220049081 -9.894143223400665 -0.168871945581683
-74.549039479815065 404.121336212798383 -0.825107031347546 -5.702033680629934 -10.050761022110988 -0.010718894791816
-79.948755636436715 393.995397093340614 -0.873603518531422 -5.104552574152586 -10.105677009439708 -0.026652449726824
-85.444799845790186 384.824195699157087 -0.857116058768814 -4.863125554790463 -10.001542181288466 -0.008537494541449
-90.254720346159004 374.647262581762391 -0.851064035256046 -4.697545697114335 -10.336614187000958 0.012895007163149
-94.592844198239931 364.253086441748223 -0.803816101502033 -4.354866564093854 -10.761014846150410 0.053664085309034
-98.776886360525140 353.295397089955145 -0.790983140505477 -3.956211721537554 -11.200885304364137 -0.035739996310847
-102.493312542565917 341.930234878852502 -0.736969940167239 -3.386101938023327 -11.576963021642138 0.007233321357898
-105.567115824207661 330.290018348148806 -0.729202775019546 -2.830339460807115 -11.696660747124948 0.078589429748708
-108.407559777130885 318.174043157637982 -0.674653632541443 -2.451723610446573 -11.864020494334914 0.063489560572648
-110.593272140552585 306.347390098008077 -0.649051685479698 -2.013104289552307 -11.755556961528040 0.027603548962937
-112.202306253624201 294.713384829790698 -0.574917578702683 -1.801366694968850 -11.672855968291843 0.069996037726679
-113.764013274725599 283.074099935988500 -0.551414047381802 -1.324754485660989 -11.605544342912482 0.011755565886071
-113.793103161865133 271.764390422414181 -0.565084058964444 -0.533857735114848 -11.457821854293510 -0.000422575689201
-114.097196359608262 260.347564054875932 -0.600412993589986 -0.043323379601835 -11.542645003912538 -0.063015325184838
-114.034940625211121 248.297893658289553 -0.568277529697129 0.531431669894058 -12.002941128790622 0.084958104060757
-113.209331110884904 236.362133846147145 -0.497960580238612 1.065296523701571 -11.838685558750832 0.047864147345429
-112.488457169412015 224.745940266505301 -0.377449582093758 1.376814385834200 -11.545640323322692 0.090252459904280
-110.853900635244585 213.213944611110321 -0.347949384811179 1.955755703471882 -11.519683938030873 -0.014370378159874
-108.679281754304768 201.568486767462332 -0.364713019122941 2.450640859479293 -11.696533262945016 -0.014223001336404
-105.905438357912914 189.785178447186524 -0.309430022850463 3.062310901053902 -11.866853047065659 0.048192297486979
-101.025061250847912 176.172886087054593 -0.565218129983487 4.326773491409019 -11.552262774302358 -0.066790437686244
-96.426492349119698 164.580527679123492 -0.591582267352683 4.775106661040161 -11.634139289171577 -0.070258885318493
-94.037431077643291 153.426036415634798 -0.158806427994642 3.925563674339280 -12.233030374973756 0.042769364574486
-90.141968776159871 141.277506184259380 -0.149955212521956 3.800911221849696 -12.165217718140712 0.115481429282726
-86.629269313412266 129.128343085603348 -0.102851359909700 3.893091392060881 -12.140026466214429 -0.030891521418932
-82.724520076054617 116.947127792764974 -0.091983131462623 3.902422445046225 -12.196348546978061 0.087021464248606
-78.840685113699706 104.913573521727741 -0.020684124696597 3.889367612975572 -12.078567412748260 0.014556842037810
-74.954290635173976 92.808163517652176 0.007001542504088 3.907127719851924 -12.138685180766263 0.072513412543333
-68.947594838395531 75.142835330254300 0.427361489226870 4.003952107565027 -11.911858304533631 0.013682389631934
-64.895555100167954 63.245362462512851 0.623952760744840 4.090338344476887 -11.896211813455754 0.188823263952925
-63.519583469619782 56.683673485169969 0.123559857374408 4.019829241234611 -12.274973723290278 -0.006675236752550
-59.524530697381536 44.502115738742354 0.139042055275903 3.995979908125228 -12.065567782587269 -0.070870524812520
-55.715313622312294 32.760862421495830 0.068289007239006 3.702852788105489 -11.822469952734391 -0.067672040564889
-52.141803962842921 21.116711642981556 0.091572016237390 3.436526330839012 -11.293308373523251 -0.000409802046210
-48.987977448671863 10.749252461047224 0.079292911501404 3.118419895086735 -10.006338629299611 0.087046944045352
-46.094596175384517 1.697410484918651 0.167581038376712 2.713012647901879 -8.005153036934129 0.045573571322996
-43.726096022894069 -5.875103661070773 0.065530235473574 3.768138252171200 -6.364123360920969 0.079204603187146
-38.910943592074503 -11.665313936643727 0.162064733418815 5.601995493626277 -4.307541683874915 0.098353674644822
-33.567801987794326 -13.963686069501323 0.221592220080466 7.592011129647947 -0.743441630181599 0.037954221544476
-26.214167542831184 -13.843294799823356 0.228191665600410 6.986703218726108 0.870922668882670 0.049028001429574
-21.120116673850497 -11.679653969196737 0.307228090544622 5.022355760736456 0.027659438269277 0.063350105044126
-16.782807772306082 -11.732830225932874 0.407463604601693 3.304750193086895 -0.194663467921825 0.050428112810266
-14.432984207925411 -12.130298289217865 0.360845324207062 2.235410136838476 -0.032895431379769 0.053120338614385
-12.090143222285967 -12.194319159580894 0.401653050476494 2.760642219643676 0.185760419645812 0.067161524855122
-8.593016581948504 -11.266753612962532 0.494287518635419 3.982739669172005 1.714607189729948 0.013093564611527
-4.167097709053143 -8.178467596403134 0.497188261793512 4.665205821685962 4.614602238348766 -0.098992439872722
-0.477796598447143 -2.274153490822648 0.410683664757179 4.008715205300457 7.157817989587414 -0.034699972472680
3.867593311593165 5.611947335153511 0.403273824288988 4.605390810349244 8.493702403044875 0.031668743426876
7.201229838429430 14.457874710613792 0.443230302522492 4.411715655444876 9.380734496542649 -0.075249520866539
11.679700406202993 24.070395571803097 0.447564609016440 4.549944648377072 9.808876737881517 0.006225889165098
17.052980157019874 34.032632962728258 0.336807107039136 5.043971610601463 9.902570512880018 -0.080557224429250
22.237677785789625 44.093449775502336 0.294158810370458 5.278576204836743 10.222815741470113 -0.189678946417299
27.635092692871652 54.170308318987189 0.397320820076663 5.289902104328823 10.287957824708963 -0.079102920885403
32.909248340079884 64.312316500238637 0.465804541787511 5.209392233078137 10.002062249766308 -0.009751261122210
37.954128910087356 73.971558816552573 0.528423434792895 5.179910662102811 9.660783283591920 -0.082354407123045
