3.272035552545034 7.569700506031347 -0.165646129855566 4.188480318861323 8.063418631419166 0.076425269902237
7.621516632971274 15.920935342217906 -0.120078728278142 4.485274649283412 8.451405035338169 0.079293276711751
12.165936154619946 24.522800134606204 -0.069262914441998 4.550993145829599 8.723978170777579 0.044375956394420
16.650634191395650 33.164662698982468 -0.057552880115220 4.372772584723291 8.509075637344260 -0.018120128134019
20.974477160529393 41.500045973476020 -0.007036980881023 4.241170574792386 8.192776853880741 0.025779823028071
24.948279357147410 49.303090643723436 0.015509895807636 3.670897454857527 7.272848106474369 0.082465204837847
28.259207128375390 55.949319206910488 0.049101839139046 2.893418265483071 5.896112804158286 0.080095267837125
30.817968856459650 61.028808199137629 0.177143751344787 2.348929656710017 4.379485512136613 0.170211430292105
33.239426396915221 64.769709404488310 0.240635145413288 2.772269253612136 3.082402522938511 0.022525766202506
36.481262565292099 66.832060935440907 0.251269328535865 3.639066357975721 0.944921274134682 0.015467696815934
40.176005711495257 66.696006757524259 0.259401718052970 3.702150241702338 -0.944730317426223 -0.029099168282998
44.091008241084879 65.126842211420026 0.278479004137426 4.254982797400261 -2.139827395149482 0.112631531157522
48.918609546231401 62.459680597600133 0.320785979787090 5.491355841552462 -3.142654958103806 0.044552694504545
55.096999303696506 58.986535727742705 0.351738736069473 6.860539516325008 -3.641306586085876 0.009075126787185
62.159394665160349 55.368925076909278 0.412495844001165 7.084158483493797 -3.582584949541376 0.101613771685906
69.115803989154301 51.755475328067803 0.506301112194636 6.715445706484442 -3.772012075693624 0.098141593593541
75.432846822081316 47.797422003620916 0.589290533686032 5.850432331421578 -4.067263815490000 0.104483200970177
80.770322503199196 43.918288792174735 0.679572746696468 4.729543542509671 -3.406616946892361 0.072935735349974
85.108821549011694 41.285237304792382 0.775391555271400 4.347066165661023 -1.848879655962409 0.138480435189857
89.476257780972986 40.651778344678021 0.839089694074843 4.223422896159818 0.738923731449718 0.058104673468064
93.268447734252035 42.704741897535399 0.932984738093735 3.352489475798671 3.152828838610216 -0.043659941899696
96.603953223902792 46.436041448883053 0.912660624050365 3.602668160716551 4.150885289677361 -0.064281893290240
100.666144094650235 50.909200605440482 0.926420124352014 4.463212342910579 4.770632751266461 -0.088968109621159
105.458622149028486 56.102147279198263 0.903416806459180 5.093147887763347 5.591494442720456 0.014540873163745
110.710086389017476 61.992941511439710 0.872401224188111 5.408152493466357 6.080024142843590 -0.008353861695577
116.213303451550587 67.978117432942824 0.833159901998904 5.477883115319745 5.850195204694542 -0.158548396201344
121.621712031367608 73.774913466243817 0.747440074875864 5.285929386067689 5.740775514103904 -0.056033618642299
126.732729538578553 79.488456319677908 0.658377389462067 4.997186631522978 5.650109970095704 -0.131661866977446
131.547493186904319 85.296103215084955 0.460881082398449 4.656384128913841 6.059054176472956 -0.190114791254225
136.063323674433917 91.553518254175117 0.221071908556708 4.314529250188550 6.407179845228479 -0.358097846500563
140.303209117050869 97.998108195058634 -0.120201837673126 4.153566898159433 6.541467236037659 -0.298931894648790
144.339875737218506 104.731346231610090 -0.518339782544961 3.853386784568233 6.929811281384998 -0.455549549368866
148.211038010834471 111.705384011662005 -1.033876746995330 3.968140137753931 6.953513236163513 -0.575387406802337
152.104909234459086 118.658308592591212 -1.528248614492420 3.867827414912301 6.849438014473767 -0.539102552463043
155.934704552879481 125.244262394587111 -2.004623912928904 3.837488172216462 6.342032671820444 -0.181247345272350
159.773736481783942 131.408165387044875 -1.850251228368755 3.810886877635091 6.007632693753290 0.474587085945621
163.594607089823768 137.200539707322719 -1.268532878492593 3.795316030227803 5.739330142469728 0.512200194257711
167.297543685411654 143.044817412587577 -0.804011800058953 3.566690123897003 5.984130612653750 0.295454340484212
170.836970854028237 149.105628563538374 -0.497404367020785 3.417449440466032 6.051782939149963 0.330313073271140
174.047260187643388 154.954921083724173 -0.193120994012336 2.942993589712743 5.441539726595035 0.355299737169815
176.436616512445795 159.726844811260065 0.031384207805742 1.756186840469743 4.391181308144619 0.221576014983382
177.228205697871516 163.932197226741778 0.229620083719603 -0.305848556047374 3.924989000473761 0.194138371524905
175.921188859160452 167.455896781372871 0.351598527627205 -2.191611287235415 3.093851631577663 -0.084344717683970
172.532774897658669 170.269160864546507 0.289097919122103 -4.409181056838431 2.513734204882354 -0.076382058093745
167.326989793058914 172.809091191596877 0.241250983488893 -6.003072486819954 2.838474260847607 -0.052916626299999
160.496991997629294 176.150237107013567 0.178598792084362 -7.566947471778160 3.811439475272081 -0.054086430624257
152.817682095749120 180.046336577142966 0.122572374403666 -7.683478033911241 3.841192202213619 -0.086594086583604
145.175361959723915 183.740623129888121 -0.001446643531703 -7.546456810016079 3.602154192000278 -0.037147322229915
137.844552622895236 187.368412904593868 -0.047130479602503 -7.152988986118691 3.603772885752231 -0.036416176356568
130.809968536417244 190.815404078651369 -0.138089375487647 -6.953402234677988 3.246515933332865 -0.050026569315574
124.128040867711405 193.833022605020602 -0.230218974145933 -6.058826647667871 2.731840936807734 -0.077057404751288
118.720625773186740 196.362234689701609 -0.302719664356249 -4.691143248303148 2.296157428239886 -0.057246908316657
114.802618449403781 198.394775710902621 -0.358425325632075 -3.150811668927553 1.761741764096909 -0.069221570308238
112.561164493587270 199.714435095730522 -0.411369294637626 -1.206798938066798 0.750213890527867 -0.027711612790912
112.086662536344832 200.019259424536500 -0.442784557672855 0.033108274539569 0.003250558594497 -0.024854242829316
112.138544067410592 200.037735998555348 -0.465831684689457 -0.029829657734921 0.101086797172396 -0.019227529753037
111.787910902052673 200.377733543094791 -0.489729066213015 -0.966725853477367 0.776584594560783 -0.012463630113552
110.247973312701944 201.698169485613874 -0.472620260128345 -1.849250927667357 1.891456277239900 0.016765664411350
108.488393128570650 204.322163944080245 -0.448368604546922 -1.323651306085415 3.437786336915706 0.003145457665956
108.187452363523889 208.619124527240018 -0.500936932390681 0.988950534404852 5.033445534962218 -0.115719998923600
110.386688608039506 214.083853492221323 -0.538711582772474 3.108984845035776 5.867590466967734 -0.059645102196721
113.952008693122337 220.491312474435034 -0.589952080945580 3.916302767251445 6.988971012898661 -0.106916247237635
118.107784491615845 228.014817913803000 -0.646528133570602 4.402616198353329 8.016607942265809 -0.101348020077446
122.716680207551704 236.503118327295056 -0.683764382789366 4.811321579759389 8.861964833042354 -0.040299524998377
127.532661955294955 245.544773222698979 -0.669018887709926 4.752426718258023 9.131879261700869 0.089126072534010
132.178386194993720 254.551113544097859 -0.644580833685463 4.559629251315217 8.877691990790078 0.085488693069644
136.712776758382688 263.368186364690132 -0.655396497957276 4.528244743131042 8.783684669783369 0.025054875911443
141.325527437311962 272.260938182756433 -0.642557126459913 4.723786524381280 9.061076703788006 -0.007628934698814
146.127434127332890 281.438241741888646 -0.633477513168310 4.817456429144134 9.152363674790461 -0.031317141389657
150.873281786268734 290.478296309346774 -0.647480907656977 4.631703086422054 8.869536571861612 -0.001132398564196
155.271558547056458 298.991729392631839 -0.642989774985341 4.129746895011001 8.135528408390019 -0.001609174922933
159.099494668385574 306.563759679660450 -0.619979941947392 3.499245183510227 6.823841485766951 0.041817498748673
162.141899181506659 312.430719453690870 -0.599685446628009 2.581941479346378 4.921950928691934 0.074653165507662
164.184902507926211 316.574634303816083 -0.548392307519321 1.534557656563836 3.775636296308230 0.086040627364675
164.989906778484254 320.293823735818080 -0.487174559505004 -0.112758860435226 3.800644783585452 0.028402056322603
163.701098107889862 324.291029817878552 -0.517743993490667 -2.716982949530570 3.840832593488198 -0.040939265268836
159.546393288204229 327.445559540641113 -0.485028025099196 -5.297117200831302 2.562093257896366 0.032524202350824
153.705132879442289 330.072491643036869 -0.467301175412054 -6.366480498035641 2.857771046213352 0.039456917886100
146.757712980742610 333.384864920611562 -0.426288863391779 -7.527455340433829 3.791464614160541 0.059331831686322
138.955713788635876 337.445572429050060 -0.436651809507456 -7.926782014670567 4.192633860523911 0.028162164190429
131.105193058324716 341.527473250915364 -0.423564061403843 -7.835167961459722 3.975960130099593 0.042964880316326
123.305423610401405 345.361875078533785 -0.436025301045754 -7.743429555435962 3.770196479283413 -0.032540641750269
115.705779138881411 349.267073219601457 -0.430942365782169 -7.417335981427619 4.049781160948796 -0.005143322688091
108.596319677774346 353.368949778525803 -0.418064650739846 -6.525632707923790 3.921873931913512 0.030649231273543
102.944946005657457 356.724123217423141 -0.364806017512123 -4.995075840933318 2.820758418396890 0.014998416663057
97.950688449273784 359.313223768736520 -0.337833666164829 -5.096440299829890 2.423761311354935 0.074458686389719
92.515650739159923 361.783413308647084 -0.249673368960983 -5.851481859122188 2.592589748978370 0.118946965337453
86.105247949443722 364.690133109898682 -0.260479269875897 -7.002516462151958 3.343951091594324 0.026659124898615
78.591307179925195 368.452780815546873 -0.357553388786981 -7.941673757822427 4.328443936104057 0.089298491034934
70.436659026481053 373.140462258737955 -0.284108625792015 -8.254295619909085 4.824569673524117 0.049722197527156
62.180780508116818 377.826140630594352 -0.243808613030880 -8.245430907464046 4.457257644792445 -0.012661074877386
53.992125965378904 382.172676869130044 -0.217907544805206 -8.149362697241823 4.168004252501100 -0.046462875679903
45.927093677898235 386.227448640647879 -0.234352557683948 -7.924743737103848 3.974070753047103 -0.047422641693658
38.290852994754779 390.120418484020888 -0.266086153684301 -7.182977285627849 3.690318192073887 -0.039009465682661
31.920650661761982 393.418485813268887 -0.288326962324271 -5.526330552204902 2.796401009977478 -0.098087556838808
26.932265604729050 395.785572111584543 -0.287039026943032 -4.647642871827154 1.889759662670447 -0.005756090289556
22.293608127422196 396.716922390487809 -0.280932624037423 -4.598625604071554 -0.288719633031924 0.003758287052361
17.839727729563762 394.882296351868717 -0.305478332498159 -4.084559845345711 -3.455641995429224 -0.059289752145850
14.292304829975334 390.137376468806792 -0.410615640800848 -3.305461990872415 -5.602248010793523 -0.179201374833233
11.039866504200768 383.800464006229333 -0.410143759860302 -3.351197479107262 -6.986941572275927 0.032485117728243
7.577890058449645 376.212694674113663 -0.408760920493893 -3.659791261094392 -8.071488059861750 0.052489176716305
3.738239781581131 368.041998953693962 -0.423673013231555 -3.945932870293935 -8.152068529650869 -0.121817273973457
-0.283520619937463 359.926907067151831 -0.489318907540806 -4.141947783921643 -8.180291999998644 -0.048793900929880
-4.536033493862880 351.764891931524687 -0.569608310265952 -4.239253640436816 -8.096684472778358 -0.075952548311335
-8.725062349521544 343.752287095049724 -0.577625293605514 -4.227717146131461 -7.871061954251764 -0.070447325166904
-12.955116972085852 335.899772416771270 -0.578670332663833 -4.115877561653742 -7.953344149507353 -0.044372491498905
-17.091598497579394 327.793976826376138 -0.580792801360881 -4.181024266802411 -8.242551794054892 -0.009355631543676
-21.431833165988451 319.486628953216723 -0.645398523199821 -4.447021344143709 -8.343875246896699 -0.056103479219064
-25.765615536394161 311.086191839670278 -0.718548316437653 -4.252643977995117 -8.532683500310386 -0.047483163823914
-30.024904542088311 302.474886858567686 -0.715164826580332 -4.215613968446115 -8.616610143926840 -0.107437638217252
-34.255263691581916 294.029783053557424 -0.702026098408413 -4.187882359347283 -8.229514694256634 0.014683998713845
-38.263654908504733 286.253465584639343 -0.704475272222121 -3.692311403924320 -7.291407097464095 -0.046051295303546
-41.798023587619817 279.620083179305027 -0.682449035765741 -3.234511276704819 -5.818341704242527 -0.007069374162074
-44.547792453942918 274.698829335134974 -0.679549882293225 -2.111816987831173 -4.044292133818399 0.002901494715291
-46.007472052705211 270.875246658507365 -0.687688603099238 -0.600214571580372 -3.776385370876339 -0.035945246977402
-45.630280938194360 266.640602542967883 -0.730686599292780 1.660972761501443 -4.608370204803217 -0.093872282918501
-42.383839685494955 262.210119457870292 -0.809241465603593 4.791990573959193 -4.006142047507686 -0.052184089442503
-36.702252100296022 258.497719649238491 -0.898677527569770 6.242086414967509 -3.674192615206374 -0.142396223532257
-30.004184080982082 254.671436504162301 -0.941146016881117 7.117371288998372 -3.950769153455415 -0.053346852951809
-22.536584265910673 250.576533423448950 -0.994405651521424 7.712364729429890 -4.080633167124560 -0.044435830016881
-14.757733542086804 246.707463277090824 -1.093025282139499 7.829825614935155 -3.651545338522465 -0.053431626862806
-7.118436695039795 243.154243464762914 -1.191368176707341 7.252415678092134 -3.453746350515664 -0.002595441891916
-0.633512953288093 239.973169980861286 -1.205297325436341 5.535968280028510 -2.915751612740610 0.038620892625767
4.502384595770621 237.112894374536609 -1.185878948161452 4.919008050074311 -2.872906534064596 0.067437416888403
9.348682336607569 234.389878637458452 -1.265198706862246 4.886826201016808 -2.340388637644744 -0.014242276664989
14.346186538924080 232.898213327583562 -1.300430006873052 5.064797381417843 -0.430358869547701 -0.081324982225661
19.246361629341664 233.744933249181969 -1.344082957061802 4.551957315684242 2.069795473276850 -0.034902675693173
23.179402859376040 236.771626538238735 -1.362911637473939 3.424830708153032 3.662181582289454 -0.034690309396621
26.511959907519387 240.358142314261755 -1.386926112467131 3.286564831302768 3.289389478436390 0.005027295315303
29.909308286988598 242.605069813300304 -1.419286240936815 3.622470753733449 1.115689027721519 0.031472514826385
33.579263464904649 242.792236762239867 -1.476969762756322 3.871208221118002 -0.752387318216582 0.002844523012195
37.856794442113014 241.294132033548692 -1.570277673930358 4.767328635135547 -2.192703025503780 -0.035879913884500
43.268776915365059 238.681883249048042 -1.633774051348587 6.066442982249992 -2.992610116058728 -0.101156553776592
49.826437019907928 235.334918743735727 -1.687493815920856 6.891954831768235 -3.649506825823355 -0.058625734327824
57.021729073827025 231.469830297782863 -1.708462099294359 7.433344495453898 -4.065729006476222 0.023389792828690
64.538069231497019 227.519014438494196 -1.703365608469672 7.509554961457817 -3.822537873293052 0.056798052320118
71.886684056588734 223.809597675714059 -1.695814968050979 7.168621852050953 -3.633425119037933 -0.066822599040042
78.933660254073288 220.296223724223267 -1.694595023571720 6.897506967585624 -3.394032730202858 0.040511491706976
85.357086202769366 217.204775042764084 -1.684421978128362 6.055019353660108 -2.879917203706494 0.015539348704146
91.068786653721034 214.434608012313220 -1.674424487976502 5.092228700490539 -2.532932576208383 0.029612581415258
95.308913801663778 212.198395867694046 -1.642945393701434 3.455431429329474 -2.009723106809385 0.010261993049058
98.002778273367781 210.447956674619263 -1.621062327921687 1.914117100442343 -1.382213223666652 0.009163851609692
99.335465332406045 209.332469424119239 -1.610715728761465 1.132929871295716 -1.098954211153604 -0.011346894957166
100.609658665197173 207.834969585776008 -1.627237875874686 1.535271370609215 -2.290938483022803 0.017330806531824
101.852893163498521 204.500106310607634 -1.613696583094833 0.513816463290419 -4.343809126598650 0.002977434188759
100.992123593660807 199.372725513221411 -1.539980265122852 -2.279644075372366 -5.764867082250096 0.047122913758513
97.777531506937791 193.030327859274422 -1.519427046710750 -3.954685584242050 -6.968471000497101 -0.005694216752557
93.391159168803583 185.314771856785853 -1.524630331013560 -4.727668391071065 -8.421194153849227 0.055978904736597
88.551657366822511 176.279068647727740 -1.445752799001703 -4.949694707757821 -9.536842302706031 0.081692510458803
83.571300714971542 166.454877608277428 -1.352558809057365 -5.047250004657671 -10.060953159576020 0.095732716427574
78.365722786530455 156.201526357736213 -1.284578090826694 -5.411549511235124 -10.467101758387255 -0.019908801202772
72.734930298787717 145.499484623014808 -1.252823786061540 -5.794871328056595 -10.932923247608983 0.067690508156068
66.843604621414812 134.433257213591332 -1.173174157436826 -5.927323652486925 -11.184074374372898 0.090607381551644
60.962909521451714 123.221643002133746 -1.080025312240243 -5.804713521877386 -11.182857320524951 0.082454956792169
55.259435095392242 112.121585831644438 -1.020606176871235 -5.593666453502405 -11.001436896538420 -0.016658141332864
49.852614187901963 101.417666026112357 -1.015662032351520 -5.123609444054929 -10.173790804992898 0.074288880099416
45.073726955904434 92.043793873963835 -0.923194397450950 -4.411964711042279 -8.536599917178139 0.115809706929959
41.169244575874181 84.539815958639167 -0.823998505278399 -3.416358356924703 -6.497172754549737 0.054702108642532
38.643662205370489 78.778527670507842 -0.769702672943211 -1.385756882436885 -5.243911973989766 0.065033636768657
38.474039595444331 73.661729682009693 -0.711319663324780 1.064024809831858 -4.891086105430967 0.018791039581423
40.778760553045430 69.358977677396425 -0.732539527969664 3.427562369992081 -3.557495953018705 -0.056650108123666
44.922144716944601 66.159043585501777 -0.717385288190676 4.758041391063618 -3.095428141973984 0.118358646372851
50.213749221394430 62.764467878466924 -0.682802841376188 5.860270999824537 -3.765600752270350 0.030313223621907
56.822296688450365 58.814879008838716 -0.675279029205297 7.383972829982506 -3.935935992369773 -0.022167015576338
64.373248342398711 55.028893035881232 -0.597790985460245 7.412380656537368 -3.862155152362546 0.089002910261052
71.439568385205035 50.796690076061410 -0.528405844106571 6.768000522928902 -4.606033742067108 0.050510709704106
78.338052639242164 45.972826994353468 -0.467588760283559 7.175815072664028 -4.950819556039329 0.055888833377808
85.410302084345020 40.942073361673749 -0.412569165735076 6.690897443739953 -5.410621670437224 0.168647655042651
91.408084725538330 34.987007302502803 -0.327226730653921 5.491261216423941 -6.489289979203127 0.072013471840610
96.859246776768799 28.271241384362597 -0.373155862140152 5.526733499386834 -6.935786305550081 -0.006177722597938
102.183435212932793 20.817299265532611 -0.391637614835750 5.080704652315261 -8.043419378962943 0.128461097158288
107.204879169972529 12.729569040271976 -0.336407508744482 4.883796707191688 -8.055717970294195 0.045134047568160
111.474350096855616 4.543715254552628 -0.327129159047883 3.601473351776253 -8.313504421763341 0.042832150416973
114.497893133986324 -3.667732142468127 -0.307658019798616 2.655842905966766 -7.753237838096214 0.028761970392230
117.008570004932537 -10.425400509992803 -0.290422304651435 2.405979077638013 -6.093653414919602 -0.002937129700410
119.274277315362198 -16.489344018852567 -0.303550892231649 2.190854905039478 -6.209664721336853 -0.051710560398364
121.591146228495361 -23.043716143101594 -0.352803692549118 2.659808628008693 -6.851455920089668 -0.180407033312455
124.642342459736554 -30.278163458380156 -0.445969157640999 3.286652828016659 -7.714449735990343 -0.054254073247167
128.110055497681060 -38.482271340283951 -0.508947418461199 3.580818326874608 -8.604090642585335 -0.049662051881221
131.671062264708326 -47.067067940936482 -0.649539461448867 3.577828232588145 -8.521293833205105 -0.087300290837259
135.326666952172531 -55.465632339113952 -0.779055386448044 3.544494002533039 -8.333410588356839 -0.170172984947002
138.779535407378319 -63.659066416146551 -0.861478816485926 3.342475752148128 -7.863557866819448 -0.018679394147021
141.706674963122282 -70.811478510282555 -0.887874084100179 2.385460298135809 -6.284270607491285 -0.118499494563815
143.916779501504976 -76.263851449106525 -0.890275695926094 2.652331903698199 -4.769607718894214 -0.020428696183304
147.476757797394441 -80.335677829594871 -0.881892498536871 4.547535843276583 -3.455501834619137 0.011741871607456
152.644806375404556 -83.566614563110051 -0.944417680068238 5.553173198555562 -3.337929399629634 -0.031244216192834
158.333911413393906 -87.213735611694474 -0.966767514573522 5.811557296412541 -3.976563039089609 -0.037222492776569
164.309845557609520 -91.366883438369612 -0.966560332869744 6.126502977609976 -4.218798688702554 0.011659722492457
170.529195858491533 -95.639239071750467 -1.009034351742945 6.355890333936122 -4.416254214013806 -0.033627660989730
177.038343364421195 -100.265706756559908 -0.968762303728350 6.619485383310617 -4.772631452434103 0.015278537568355
183.747594922266501 -104.961401126990793 -0.919814414118477 6.783147365988899 -4.657052077645170 0.169003293303323
190.574952843844954 -109.712907942910491 -0.908559592605001 6.914290174481563 -4.889255711690665 -0.021024008328923
197.663657911704291 -114.648840559917701 -0.879134859023053 7.157429458735741 -5.061960850697552 0.091571318653536
204.795934333184704 -119.742045558834732 -0.839451261008807 7.042892313075801 -5.130348393751243 0.038887878982109
211.772924300803083 -124.764573422539314 -0.703655273963409 6.892204287699901 -4.862587316757783 0.042060831286057
218.479717106360596 -129.437492596683484 -0.543762655161451 6.367024698753513 -4.368738481895988 0.205930798853251
224.319610065403253 -133.504343491525361 -0.365453772435511 5.313129488627615 -3.843391677023281 0.242864273453803
228.927117170517192 -137.017516348756089 -0.113576637210404 3.834817714253965 -3.099321142184996 0.241643082514033
231.894445690650485 -139.522373459626806 0.101142673631084 2.212578220457146 -1.826997988174649 0.197631265283001
233.902965283243219 -140.894541043763070 0.335797880950932 2.055942763052798 -0.973851864122896 0.282825829243519
236.293807189049602 -141.396514226656365 0.601602914185555 2.923494660307705 0.137791106444686 0.274530525693597
239.518726803564334 -140.109505377648446 0.693638467007474 3.441927331844838 2.416858496146512 -0.106553713122296
243.157071806020440 -136.604469444049329 0.457369418240445 3.794105393298175 4.618462929661732 -0.287264439380847
247.092061596370201 -130.938188409057517 0.199898057201670 4.164094795671211 6.565427010331632 -0.240239397599125
251.707417274601198 -123.832799283799801 0.007431127136198 4.991499272459496 7.385292233152030 -0.230247967213133
256.964724909373786 -116.248326554569388 -0.143934989668537 5.399617335849111 7.749516643733553 -0.068701793201411
262.430638080255619 -108.422968023403428 -0.298544735699468 5.473086137651834 7.850053600146634 -0.173466840583828
267.954487518895633 -100.608523112266553 -0.417142189074797 5.630960135674512 7.755756195030426 -0.104378326634803
273.571528215403475 -92.895162662205578 -0.575413597866212 5.522270098929378 7.765367171031430 -0.013392853153619
279.032567280793046 -85.139258855100081 -0.604606691540780 5.475284554103919 7.659733645876877 -0.080527336941571
284.518093613497115 -77.507226425858420 -0.637958284097189 5.547886290333675 7.624900384185946 0.109398976052718
290.192577266239198 -70.021651497199997 -0.675170589726372 5.844841453967033 7.275001173782113 -0.009776647412633
296.029526737041181 -62.919741313698559 -0.730966460180391 5.789999679247585 6.929987102753501 -0.041163392661586
301.529675222029482 -56.018228333723066 -0.762123174870631 5.230825908478100 6.726132021177619 -0.064752071178520
306.400348647963369 -49.674982774115549 -0.870536366060313 4.620535673548612 5.818652934555856 -0.106231803514898
310.600159823293950 -44.652131818954537 -0.926368874542669 3.726394598483606 4.202246757709711 0.101261690640051
314.015981621815797 -40.655892742442376 -0.978481832060186 3.063044867788249 4.166865582589562 -0.003371254085264
316.344947673942727 -35.996727151659933 -1.055012714370098 1.359460635400370 5.370406106625625 0.045316214406615
316.471218554629559 -29.990511043335804 -0.946953681219358 -1.217757286259120 6.500571692733187 0.096799735718050
313.842134727927146 -23.336565625233114 -0.826389018586140 -3.644226574796320 6.794516623569621 0.143372583392885
309.973244876828687 -16.191220951880783 -0.693847842147293 -4.030504897370246 7.609563468743382 0.207225722194556
305.803022903092312 -8.131833954078138 -0.489201514422380 -4.260818745311322 8.316678510887030 0.109945871782533
301.734319996227441 0.235095217763260 -0.265381815784028 -3.676744925801987 8.380868841362799 0.262251639754608
298.374859498354056 8.651919823494422 -0.084484191091872 -3.365973731633395 8.461347573713169 0.113468671620818
294.629191873888999 16.979646579100176 0.041074356165403 -4.116642645009432 8.158516683974048 0.064747510359192
290.205287847405202 24.949927417187617 0.115050608827135 -4.644027815474195 7.770820628817550 0.024151473702694
285.673603745021751 32.568267657133859 0.222454200389524 -4.360777039545944 7.470458469600998 0.136308018324131
281.396612448161477 39.738203235488513 0.301355176046295 -4.180252918973776 6.733572033115448 0.050440064855678
277.421593200367795 45.842357098043806 0.361821575981543 -3.744535868524924 5.365578649390341 0.114887590300012
274.040490706338119 50.388843633917347 0.410572700305057 -2.958358315097210 3.684179595053275 0.123535482253792
271.647185122923190 53.081453087711807 0.467751675312178 -1.833823023120836 1.671895169654106 0.030921219919771
269.956016951443928 54.659816766124308 0.468912302503582 -1.666861469321209 1.648512514242152 0.012899685557743
268.191201845314254 57.089185264799077 0.479139710482293 -2.042346959547958 3.659648113393943 -0.041790350849757
265.775105883748211 61.814028710360979 0.491062064933307 -2.888374785406886 5.569144602256730 -0.157690841384238
262.356963732573888 68.085804099444843 0.295766255514903 -3.774646812208720 6.895772841428927 -0.274587218909690
258.378376632482286 75.412121663156384 0.110499476793645 -4.132319807688257 7.652590494191821 0.008779677667428
254.219699161200225 83.174917418453404 0.163816248925748 -4.100157606191186 7.717802857687626 0.060827311846388
250.221710850371323 90.671295809985253 0.215796870458234 -3.887600328327422 7.207772259594432 0.195817260532709
246.690230128632464 97.019769642847336 0.300148899308927 -3.147423758260938 5.317899070411618 0.044822302080789
243.603387400124603 101.506511921493569 0.338455984479529 -3.407338282420567 3.799785539704992 0.089290333258440
239.537773372920185 104.638416748721113 0.343050462485065 -4.845971817901114 2.707037133449760 0.005134677350418
233.971919144150348 107.402299694637591 0.230983219507187 -6.221366774043830 3.061394042183086 -0.143449676769080
227.111265036844372 110.868950170620508 0.156032802540652 -7.407166866627345 3.957847620070603 0.025651527777163
219.264415329981887 115.266973218605770 0.146378255359697 -8.304311906388186 4.677871543721860 0.164473176984464
210.879613825825714 119.956897928452435 0.191021779766614 -8.443291021866830 4.588334841023154 0.089679798823857
202.564163782213058 124.443056835410559 0.189596378879566 -8.164487375451351 4.427911076064898 0.012657450095554
194.513773397614614 128.885362661969424 0.251393014039391 -7.944623026691594 4.406329056102401 0.071959736271038
186.757514729295423 133.057133919572607 0.261525941799438 -7.400467759686817 3.826324163387971 -0.000425325589799
180.083399490331971 136.444868725247659 0.270635457041763 -5.855498366604025 3.038775185339710 -0.009659259001174
174.949713113187101 139.652037403245913 0.218282061715178 -4.560136912511520 3.688564616456543 -0.161583807708025
171.395672327964604 144.112596433151623 0.148929111023097 -2.196389962323486 5.265404689770834 -0.054346144535911
170.717130284867295 149.864197235308154 0.114111489584473 0.922055465684179 6.086337010656645 0.053559731199305
172.946107830301685 155.963428322824171 0.201852888869362 3.190408962173545 6.122251100033392 0.059703634943947
176.474651687518076 162.342638069178889 0.218495668626404 3.773614711947803 6.695243489313602 0.032550880531516
180.376337153609882 169.483037468891439 0.307937442433109 4.035268258209136 7.574682490766983 -0.099877145005536
184.700517843822979 177.498102096322441 0.309249475411498 4.627275738301365 8.402056716784720 -0.097163735030380
189.482041559807982 186.270621483421593 0.325092598404463 4.818037490462529 9.011410797625489 0.019687486212659
194.271850486314662 195.283983460272054 0.329112928223233 4.707833195680470 9.011138436921422 0.106061518040509
198.906868032873405 204.246401493626479 0.353418568670543 4.606207728139803 8.886392666516182 -0.013231639684596
203.455953195172867 213.065917037027759 0.356488429464102 4.433742012078874 8.757157774206298 -0.010506308298376
207.746746491778254 221.843897351690600 0.315883499895989 4.109390101873631 8.807662473923251 0.031568103057846
211.595172268547145 230.765636447856053 0.324909018469631 3.630293631700642 9.055691062866577 -0.020158733201651
215.394316954570542 239.799792916222003 0.286589766001060 4.014734023672149 8.975166122644191 -0.174217516140735
219.675942401047820 248.727895109667912 0.259285355958312 4.435607656997172 8.896342526947528 -0.036789394171920
224.118258165300631 257.525226601130498 0.236353442927748 4.370034837298098 8.635123271951306 -0.051239698470554
228.198484674045943 265.695325803973276 0.215672893816929 3.791452245472982 7.663125347525297 -0.010597418295638
231.716342861378109 272.547748520071082 0.182442116699440 3.094020602248195 5.986591197514851 -0.088410599454126
234.628710725864011 278.387252722471260 0.165617734980960 2.655339229095090 5.792560101249741 -0.081353370461704
237.113580181452704 284.745118589223409 0.098968013706465 2.518327606239161 7.040128899141409 -0.046063738532216
240.140684921028281 292.281665486091185 0.048475946588583 3.692993454439652 7.908432062642389 -0.074900828063759
244.546822691698054 300.420645911804229 0.037674399223994 5.003595205122330 8.460825456769189 -0.044031520672308
249.679387921196962 309.201323579895131 0.005833636693007 5.069780084569455 8.917044585763035 0.086940989949526
254.659492256831186 318.049998614062076 -0.027015303245503 4.944936204201189 8.723333901046290 0.045762513008980
259.593747703591021 326.561887692333698 -0.077329883340036 4.918441838068984 8.197119365993956 0.088163075895788
264.154454047822583 334.157327736926845 -0.102503211447013 4.128548107421520 7.009502756833450 -0.030391449043198
267.749766242521616 340.615335217250447 -0.196394055048838 3.038080821628069 5.824987375884842 -0.043269842826597
270.330173560330536 345.509254362398508 -0.329169179818639 2.614017528121265 3.933990120612309 -0.186756449422931
273.437387202662819 348.351999236513905 -0.429783594018730 3.527828737357855 1.788229105021635 -0.019587360510447
277.242411938438579 349.049513947124069 -0.417789624261463 4.057026806411344 -0.446701112362615 -0.072806159635813
281.735641934104024 347.410544077084865 -0.407232064875773 4.865102188691497 -2.558494842330348 0.052503763432198
287.234561567352216 344.581069942090892 -0.350183408552336 6.171929793314401 -3.034473909424075 0.035430186062830
294.062265458420484 341.337477660576155 -0.267074056274580 7.402126633693824 -3.453191819730589 0.074099494316478
301.884383734519190 337.680932622722082 -0.160644409210588 8.072347140033054 -3.922874435544501 0.063464708553957
310.163381142792957 333.678989246120580 -0.066727633106424 8.360235653684825 -4.043406266693526 0.181793332328994
318.501880452549756 329.582178040514862 0.027912138427901 8.268757504842471 -4.198609640690506 0.110723257395948
326.636834445582906 325.459253118864694 0.162966158262005 7.956395198697856 -4.093426482215081 0.083483874182611
334.428621508645676 321.482517183807715 0.277464726996671 7.674173500072523 -3.859529344674397 0.150295213464528
342.100890579926158 318.004444957221551 0.317158903100132 7.688485961807883 -3.074768892903899 -0.023276407354696
349.778765881964148 315.259317037362337 0.300326929108033 7.688079405363109 -2.379800759474816 0.085771402111556
357.435713046285002 313.291465968820319 0.290911307593518 7.651049907958453 -1.573765566546945 0.026287410230314
365.048524851999730 312.006095136464864 0.224744680039525 7.576728323626475 -0.981086408494365 0.006687716778817
372.510325487289037 311.406987598036835 0.240314334404243 7.311135331109878 -0.247053691563660 -0.028891447391515
379.504835881581528 311.490010457683184 0.215787903447264 6.402018028172438 0.372758496372957 -0.033834254325826
385.007338643072728 311.827756455671533 0.154564607891728 4.541116587446177 0.117981148249257 -0.007705568513220
388.875702745807644 311.571217418891081 0.048874003958057 3.671738904251593 -0.658891463487218 -0.130042338527866
392.397523993705136 310.295583205446633 -0.042794862037662 3.478826914290135 -2.084142992456257 -0.108058467305470
395.694745912525889 307.071704196008341 -0.090752775658275 2.957665934647717 -4.745771349568443 -0.107263182728893
397.995717807139158 300.753528554959530 -0.132252416644016 1.865139469314528 -7.602681717787438 -0.000489932203509
399.767029230942910 292.150755214794344 -0.099464279753411 1.793979359069511 -9.498627493164047 0.078644546074900
401.516162255239237 282.473577913638906 0.004705750340836 1.754212316135409 -9.630919023555105 0.147718129835703
403.278476785678208 272.965624045207164 0.133208990122332 1.740160279885953 -9.347382638056001 0.128659644567105
404.913666780469953 263.797410100710408 0.248409224841980 1.522037421117230 -8.962985067135017 0.132245606162063
406.435817089532577 254.951668043727864 0.305644600919329 1.591671608371006 -8.957120569509312 0.014463443402391
408.076147443344212 245.765868505045745 0.406066694913601 1.519968966840989 -9.332181458825650 0.115561047546398
409.437115212754861 236.500796870270136 0.480852795154492 1.243535247469831 -9.083885179527098 0.026626887381635
410.595965912989300 227.912516738356459 0.451669973995309 0.982870397365614 -7.811877121426591 -0.094626643775081
411.015067291337687 220.808148663102855 0.290573454695726 -0.381558398833101 -6.589496598770831 -0.186466205395409
409.325727779128329 214.661644114818074 0.132359825347085 -3.209599049397145 -5.442106331437646 -0.177403958832239
404.723315692897756 210.472085729685773 0.004091418622839 -5.759267176541783 -2.889371442108329 -0.133799148119540
398.291432298952543 208.705674212422082 -0.165766025734630 -7.076466899618914 -0.671838316008142 -0.190344755528484
390.637864802822151 209.184486455188704 -0.274731743667030 -8.179222612081574 1.573258071267107 -0.057483419341179
381.994085285780500 211.678693469972302 -0.360912040113302 -9.076887847620270 3.373947927199207 -0.001948835566637
372.558449037225614 215.514182271905810 -0.277834317168225 -9.647865977924171 4.148751057201265 0.120315444358454
362.831906576910114 219.918611585859480 -0.167017662258490 -9.768357795417014 4.615863521658909 0.066168628141012
353.254798155820367 224.635189999870931 -0.067293563421638 -9.375944702772157 4.781810011170831 0.078646063047172
344.096238009526076 229.422222843569898 -0.026597986626392 -8.944078305835442 4.755289865983234 0.032667103455705
335.361599567572341 234.108248768742413 -0.010981843217756 -8.512829788583259 4.638130729930797 0.023221027076068
327.384518953654265 238.626275094390735 0.066334995161774 -7.229892071100394 4.289840569436847 0.066950964353591
320.988558348988761 242.502129481792821 0.134627528469285 -5.690868739634298 3.287250919481689 0.018894206645043
316.085129984056664 244.750971940184883 0.155045221731341 -4.283647548206470 0.962108630327621 -0.005425182056229
312.036747540463068 244.229582250618392 0.150100568266336 -3.644922194528774 -2.064159656831092 -0.026925248901742
308.707607353206924 240.817800544007582 0.077877005641100 -3.156221492709515 -4.480267227563102 0.012429376722977
305.480081917289908 235.532960536579111 0.009615843058751 -3.524760367857209 -6.036833718197994 -0.060506914946873
301.689838263193394 228.671980926912767 0.009678696131223 -4.100443216583779 -7.676375971213357 0.061300339249191
297.331259517901856 220.301560834887027 -0.021367350274766 -4.625811120216302 -8.821677980674346 0.060331674360543
292.623348984475626 211.240602881463076 0.025974927906084 -4.684662621347536 -9.203239898683654 0.145025188232131
287.941023817608652 202.100109995376755 0.089183078592441 -4.660274233836730 -9.100579072194691 0.041760953856805
283.130094679372633 192.890081557922656 0.095608948892644 -4.964416537242135 -9.385356541313893 -0.041490573429293
278.049931763043332 183.264078919941170 0.082467410608818 -5.219946759732990 -9.871279117038073 -0.041614044373504
272.725738510927101 173.268924930102600 0.062535646508129 -5.331534830972626 -10.043966428240905 0.093295610262029
267.527606631482570 163.315392362230028 0.139789784208635 -5.129325009498879 -9.899419577564720 -0.029815926719902
262.400703732362160 153.488194578929580 0.171992492358153 -5.124068147132430 -9.701185244433248 -0.068644815322505
257.322824679182190 143.970260968537332 0.156856958746200 -4.968240727334250 -9.380564594048398 -0.196178139822653
252.408920495107452 134.809232675422379 0.121543165078149 -4.749553371256042 -8.839302317610443 -0.139716292910882
248.030795172063080 126.609213179663044 0.116984075988974 -3.917528814225709 -7.520615969486679 0.041761866265722
244.581435913517424 119.804475673597608 0.180281397495255 -2.946238255511429 -5.921067164582153 -0.042560321065913
242.114827458359400 114.713696785478845 0.173618591538957 -2.223177898025342 -4.300904813868048 -0.016832426501124
239.562576984375767 111.153805624135160 0.175993820805421 -3.024126391752684 -2.901865273925781 0.030894889614518
235.797131946664365 108.991519900377128 0.158548702309860 -4.594130573945342 -1.243619024299665 -0.119589004095305
230.635744732685964 109.054853194228059 0.125015654092181 -5.524350462687160 1.372337837785290 -0.041576859156652
224.739009028909692 111.512795487316836 0.118661774644252 -6.486834093353599 3.329568011905482 0.007744262879552
217.542892444350429 115.530344484396082 0.143565304247483 -7.946917521985029 4.548096254517037 0.049891722337896
209.308581130494105 120.264195222187865 0.181109343519530 -8.407182150161576 4.722172004466298 -0.048472117740601
200.892707366433825 124.861663786289029 0.189754791960115 -8.335981687324903 4.505518184216185 0.029722385459828
192.675723130955532 129.339773177053218 0.270729489378153 -8.059162653422142 4.465941507157637 0.110340501678969
184.896689303541564 133.529843222714788 0.278161140904583 -7.176239763163669 3.809014679299975 0.005919399373287
178.775541542208487 136.792473107368551 0.283436719739321 -4.881482606074710 2.666450754674782 -0.058719887411255
174.654561779520321 139.255795155157813 0.228879881645406 -3.681976627399592 2.663930330381759 -0.099662171620011
171.536489311267133 142.411731416048241 0.122656935397181 -2.419297544896799 3.913593308116919 -0.068336440393110
170.062534953216158 146.955171877786512 0.019051503941853 -0.211751544455667 4.901454835798485 -0.067215577822273
170.815809256881181 151.798793759484653 -0.016387935068677 1.665617451311017 4.663860629579809 -0.062510629779741
173.006087654797795 156.299859486258441 -0.030909602408648 2.523780923899078 4.372010456148848 -0.062759663114854
175.154734452514333 160.757632586765851 -0.082827968239028 1.461144002050231 4.514922627138771 -0.028759898122251
175.394304236681421 165.177825493474643 -0.104378940128111 -1.027106162257375 4.201477280145086 -0.030164777464661
173.080972719328230 168.908190612027568 -0.239588478806507 -3.566033148224090 3.154239636547793 -0.136585460608724
168.591681627907661 171.760861896841647 -0.382327718272817 -5.376277087375009 2.903949664317751 -0.100377445229876
162.393106690957296 175.167993027975797 -0.478149442747360 -6.979262511823469 3.896583315921445 -0.075863117775528
154.680670063570119 179.417469036476831 -0.562213451934608 -8.467585373363663 4.551578366811987 -0.021703869783531
145.642694858905600 184.206001543225682 -0.653533255699060 -9.302760020926042 4.911090028879174 -0.017954652833049
136.417411573278144 189.123877431883301 -0.668912477865268 -9.165605585699099 4.765851018410950 -0.083309160731300
127.558243641778304 193.611429168714210 -0.738389767129160 -8.358050272352793 4.157687653783359 -0.070967153552900
120.082445385666375 197.341849319179175 -0.790651249116637 -6.475979803667789 3.223235419347458 -0.039162190705403
114.860428581615679 199.987337070411257 -0.834700641198694 -3.811714976069660 2.054338135693986 -0.074167434279553
112.175333118640580 201.549052198747148 -0.886410174728245 -1.973869884429976 1.271049088523690 -0.040481760519991
110.355637075784884 202.939591652529060 -0.902005149615146 -1.797968358913649 1.723928059653352 -0.069590056777470
108.458577541713069 205.687142682522932 -0.885295173731325 -1.537672525964514 3.777087113036516 -0.022428328648950
108.131578601200218 210.449438435599603 -0.959963808127235 1.208435769647763 5.629321397554279 -0.105012129610143
110.903963032764850 216.587965343070124 -1.010776032765262 3.812618858333646 6.771992084629185 -0.076064157654947
115.180716472724200 224.207044998651924 -1.086086230491997 4.676445283544728 8.533042967978695 0.029944724066994
120.273192918968547 233.514375011369566 -1.113390342865410 5.374002259585597 9.902763808534790 -0.067009433512588
125.815190200659487 243.793195619767488 -1.170250275819914 5.599734846836434 10.499706447966302 0.054435555414494
131.471886715995623 254.397070342561335 -1.142627188032118 5.746076985436360 10.657479542662070 0.109884914180972
137.265358065012094 265.128265283195219 -1.153589732966264 5.834605297976728 10.800674135060012 0.076236034263679
143.083912799266841 275.959680967675069 -1.172205214254240 5.772498578536070 10.806543271791558 0.005213166004684
148.828225459946253 286.666224299475346 -1.190431862700880 5.701181808629692 10.588089108756966 0.002303449285875
154.245869070624963 296.835649589252625 -1.219929768232326 5.017821260947058 9.523254331362299 -0.088828046962900
158.940137099652247 305.765483977720180 -1.249746517925126 4.411405361839241 8.174355022187111 0.011499679135530
162.872816966300888 312.926549183029238 -1.267837491898435 3.400803132470870 6.094075687600717 0.068703279183918
165.569160738534805 317.993066464889921 -1.255067215180005 2.007235332057640 4.345931192809269 0.023736293443402
166.449176605377460 322.323825429593057 -1.251219036950053 -0.516904285660230 4.312244096695425 -0.055050428357707
164.267463990072770 326.328941431597968 -1.372833735966837 -3.909073682437223 3.289993111088180 -0.147979203558034
159.163112750377252 328.850878507332993 -1.344748532120280 -5.988366945041594 2.263346958233920 -0.031393122241247
152.336510904035663 331.514950119700416 -1.336446854158994 -7.623211754799597 3.138010206787532 0.040208556413793
144.153403285854779 335.364614225812659 -1.330166523673924 -8.722412202424406 4.399275492030478 -0.088169897417042
135.037896136650886 340.031164568213626 -1.362794615609142 -9.328371974048025 4.878096280601791 -0.005660357498545
125.648066524056730 344.934587188353476 -1.380104870001392 -9.385031236815129 4.851704010290685 0.058623205985601
116.367959056801524 349.696115295062611 -1.386486396377205 -9.100847240039096 4.769538077165318 -0.030022072218936
107.789438168774396 354.399907899176696 -1.380518530819774 -7.846570705771777 4.488178820548247 0.052075779291554
100.365300572141948 358.598615464667716 -1.326530536769540 -7.365319699422908 3.828645842431991 -0.008232365524134
92.627837890908779 362.163973376914441 -1.234500206515604 -8.147752577576655 3.631505949830949 0.159392908144468
83.869248301904932 366.268365911064166 -1.288813735348306 -9.311014300789020 4.675136708232063 -0.213512792475083
74.131380392626355 371.432336145902582 -1.237282337244777 -9.945677541799169 5.602923639170157 -0.002501174614557
64.312739798865692 377.124786204520206 -1.163329943181057 -9.794545579621568 5.548503774817886 0.200977195970482
54.487722421169728 382.337053884493059 -1.077630852404672 -9.770063620278950 5.030070684316203 -0.068373422154607
44.778263187913637 387.264657380527524 -1.060288556639619 -9.630913778215350 4.738671881110953 0.000846740470572
35.293777483433502 391.883443000191676 -1.055967041356358 -9.278360275507243 4.510347135950993 -0.071785508308958
26.025760360527482 396.397408985322670 -1.007878691000710 -9.255945147638325 4.685568183846517 0.048871535438753
16.771751673300972 401.314835869594901 -0.939900365853602 -9.350830284180292 5.039360187390022 0.019023509596112
7.359604316135866 406.628165248274684 -0.952976183729160 -9.422876994527179 5.552465546267372 -0.049914317900272
-1.992647853980899 412.238433641193296 -0.992111109835810 -9.171110059584988 5.623597834491036 0.021793101053419
-10.562433691097954 417.779277633982417 -1.003730084732045 -7.851512169814193 5.403048665259444 0.003597611589493
-17.744321869690726 422.830631549987970 -1.006062491324001 -6.312014017046289 4.621127449871183 -0.126395099515893
-22.888418721631666 427.149736426154846 -0.982969998922161 -4.079816473384371 4.023941677684510 0.038889843442516
-26.375807794360465 430.591464546559962 -0.970568207006762 -2.978920577287648 2.770846386123127 -0.009323167629043
-29.413628220338669 432.928666141993517 -0.953124182609943 -3.163919500441138 1.951229402473035 0.007598893544862
-32.897521486157650 434.901789568209438 -0.942686072751284 -3.587683739506430 2.037647337097710 -0.004214034617780
-36.264127426043515 437.082627897223404 -0.919516993818783 -2.962437437376856 2.161715847574503 0.000619305495816
-38.777789613614182 439.033585054879552 -0.902343073387725 -2.351653352230172 1.753372398321321 0.034360117158869
-41.533109457287708 440.563473308248376 -0.876397514428928 -3.454066319306255 1.200414956243802 0.042215929758130
-45.830416065170454 440.839371591902875 -0.864781244111719 -5.048627691888610 -1.026745550217278 0.040590730875855
-51.149417051023207 437.963470047878275 -0.858580814197576 -5.389158342200846 -4.629375818800763 -0.050641157324056
-56.488899589740114 431.912388337847005 -0.870604744166481 -5.289756377094705 -7.417559139725144 -0.047289841041303
-62.279738542009433 423.689647323661518 -0.837434530915637 -6.144465086534778 -8.854162684331726 0.018698465824316
-68.599804449819757 414.360202255748334 -0.847295145694882 -6.334157147994015 -9.681289566916794 -0.160715041486503
-74.733338726089983 404.639443190544057 -0.788780431490464 -5.874567874316147 -9.766646375025767 0.014079814311546
-80.286676568542987 394.842214830243279 -0.801505173592034 -5.252964582590836 -9.813134493499144 -0.001785163733178
-85.282393579322260 384.976298935570014 -0.798748073409270 -4.798938729698987 -9.979930292068669 0.019033281059093
-89.967880513217182 374.831730719661095 -0.761997111331874 -4.572983780958205 -10.327755394550534 0.044062130857500
-94.397636726377172 364.285632550138359 -0.726590643772146 -4.292259435828912 -10.768030667922664 0.062349729678901
-98.505452298375445 353.303148446549983 -0.704225762043759 -3.880246838900806 -11.222602620443718 -0.026341567835413
-102.146770153567516 341.834482043478317 -0.700963072356931 -3.386605106317475 -11.582327136165764 0.020654992841372
-105.221792700879973 330.184428176568133 -0.678822140859776 -2.836046027776546 -11.716026221567885 0.092201029661179
-107.839950444579216 318.404248810270587 -0.634187159719380 -2.357731680358070 -11.865914616857687 0.084057694253051
-109.934759818349931 306.577208989852636 -0.589832012099439 -1.901551961023298 -11.767991437273167 0.047398679428149
-111.676219119636599 294.835822908378248 -0.535478005211855 -1.554810035349500 -11.735441222185447 0.096018184819111
-112.968662388759228 283.115971103309221 -0.483887769301656 -1.037723942909419 -11.677738396097938 0.033316288397218
-113.713615748674428 271.523394375492558 -0.466986505176723 -0.527715910183488 -11.522146989743053 0.013445444125951
-114.001188603042138 259.995003427527536 -0.495382150950033 -0.031724431462964 -11.628897278647569 -0.050028896397567
-113.818685730507724 248.176525884920324 -0.467264814600691 0.465622087400359 -12.006692306351784 0.089095477783635
-113.090827722329280 236.245596126833618 -0.393389278404846 0.959602587869469 -11.841720792701947 0.052908017368529
-111.921189609399661 224.530487034576453 -0.347401463187420 1.342929934504835 -11.582156778490209 0.079340823595134
-110.314729286797601 212.991182730103958 -0.326485603753799 1.926424565716309 -11.546729895802871 -0.027338999772572
-108.144392751133324 201.376922197693062 -0.341784610977680 2.407824794193894 -11.717796497393804 -0.021535040058216
-105.424473340646941 189.577545254658844 -0.295421373360163 3.000066000009732 -11.881412945707847 0.038904614175617
-102.117324155303137 177.624217256667208 -0.248313258359823 3.640714109661352 -12.008252973343879 -0.015828161059244
-98.298505215252618 165.536875314705640 -0.210989764044189 3.983840256703857 -12.117432077908351 -0.002150024710593
-94.335088761075397 153.384258793768367 -0.209168835254673 3.834242650358402 -12.164229465092861 0.026827062230759
-90.541045515893003 141.290839730475852 -0.208856365190231 3.701234788417465 -12.070302164300964 0.090278789612712
-86.792474275855426 129.227670581135300 -0.137326153963254 3.821422855205596 -12.058967036493938 -0.009318486116077
-82.966910420204229 117.140984494071503 -0.103289559368011 3.816265355869553 -12.087088258973470 0.110767308896593
-79.157188105098683 105.139772307131594 -0.049760402339819 3.794837318550882 -11.955132091951224 0.030342383903553
-75.372318127377994 93.171766908492188 -0.006503315474758 3.797302550769171 -11.987991713588663 0.087621899719137
-71.530476731882544 81.150408972186241 -0.000354399379566 3.872482138457890 -12.058284858609069 -0.074381391413231
-67.609066892558289 69.047584434756800 0.029862932806927 3.954322614390442 -12.152420110165600 0.103403714189195
-63.646890739394692 56.856383910372926 0.076033515376820 3.982885261636321 -12.180944066290413 0.033681780277567
-59.660804824319463 44.785636871225648 0.087997361551207 3.966268226617124 -11.952347686192793 -0.029578753458590
-55.824723486637708 32.949962546658305 0.065455493040749 3.734215958948567 -11.707328467257307 -0.072358828211868
-52.210056759380862 21.434509009261053 0.082902783111101 3.496321330759406 -11.150849017731545 -0.008196868979301
-48.850569075598045 10.926868235972860 0.084355937484983 3.222592760219837 -9.931540462602133 0.062532165956941
-45.826829315475401 1.958382385204780 0.146181704650573 2.850413733365476 -7.920058685607466 0.020579699194060
-42.800439779487945 -5.064692918957213 0.183319370080996 3.516988986367072 -6.195117475285245 0.048498224484478
-38.430487166054604 -10.151089889204620 0.211967219189728 5.221224381698359 -3.811719596176318 0.038089099151896
-32.660959348837977 -12.400223646073483 0.207364144245488 6.091697503403783 -0.688375314867534 -0.000592341229710
-26.591275687642248 -12.226090468719869 0.207058651214272 5.946365090178008 0.460778962486192 0.053532905052954
-21.016412074110747 -11.898782909275555 0.250165858003183 5.039394610769953 0.132301077210585 0.036106209786123
-16.737150227022131 -11.903563093206722 0.300131889850277 3.359640390174762 -0.094134500253811 0.027843308924371
-14.100862370568915 -11.996393522707837 0.323933072694726 2.336612394717848 -0.030090759369169 0.026164676848666
-11.735538871975820 -11.849308401909738 0.358001949618621 2.788317674142901 0.509972508352703 0.071373837028805
-8.482222188238969 -10.760369722961457 0.434465431120313 3.674674911199282 1.844176770017408 -0.002068281222136
-4.516840558802746 -7.663793143630613 0.436143208876991 3.993285884510703 4.510623690353832 -0.082685866193373
-0.682160886161300 -1.859567666831946 0.427527014251197 3.727140780679822 6.916778366699769 -0.026173709610363
3.396946359497263 5.765491459337664 0.442894170656178 4.356068054188027 8.200668132001775 0.057912031003591
7.871784857190733 14.520254780059764 0.456666544283506 4.540194925178881 9.276709056021298 -0.061646601713632
12.480982452666302 24.027418525533367 0.472515071576923 4.683750937517817 9.686842418970768 0.023165669137141
17.303393012353979 33.797204248776403 0.441332194610351 4.987494456378642 9.837959391368159 -0.052092297060918
22.428482750633226 43.789859027368955 0.440630005453395 5.209606719643654 10.148610402360287 -0.156803877548451
27.695093521670088 54.047861538887766 0.451092805501894 5.253245423535261 10.243330836321134 -0.063978933321737
32.925773473588393 64.142672009307759 0.535060922147514 5.160865476860003 9.950785369061157 0.002304640187616
