3.256110954771972 7.569026288481543 -0.166485249827348 4.190324009148865 8.063141461574602 0.076745088736713
7.607635010377785 15.919845741337088 -0.120604527919279 4.487665158956768 8.451072121147181 0.079593988842641
12.154442439674748 24.521107164806995 -0.069567301545431 4.553894838768209 8.723657290327161 0.044730079347877
16.642312085242271 33.163491350940447 -0.057481596727598 4.376754264762197 8.508331423400401 -0.018251117999274
20.970117274992973 41.498547668963830 -0.006915034258734 4.245053159181618 8.192520000546226 0.025788587739823
24.947690576642092 49.301566258888677 0.015633233503376 3.674485080829974 7.272886289950820 0.082478031580577
28.261983336386770 55.948074603268623 0.049178827581603 2.896467761224012 5.896664593796897 0.080055805057614
30.823366614766218 61.028354586680187 0.177195456878817 2.351294937141992 4.380482694122503 0.170198231116402
33.246992731184022 64.770320091708271 0.240676680892205 2.774072344460861 3.083141661590266 0.022518198159156
36.489929407053452 66.833558257489983 0.251490515633637 3.639936769149620 0.944765396533957 0.015413744700448
40.185313440031599 66.697689973331578 0.259779531749283 3.702165375963070 -0.944003546133133 -0.028914008705875
44.100033210999975 65.128509888875882 0.278928746989562 4.254348702452429 -2.139635614152513 0.112565664296371
48.926752469831627 62.461114442212399 0.321172578210129 5.489818600319278 -3.143110107642095 0.044490689299762
55.103406577839159 58.986986742838113 0.352067371108960 6.858645051935972 -3.642698324907937 0.009008373983528
62.163863849768447 55.367950409202571 0.412748709979406 7.082206368927632 -3.583903576873863 0.101530336577167
69.118131697981426 51.753209204313279 0.506475564594828 6.713090168063591 -3.773120567092370 0.098139709982849
75.432651311491341 47.794458137717797 0.589429576869341 5.847609003324382 -4.067800645708925 0.104400996653178
80.767358518688908 43.915366078841075 0.679650217397132 4.726998444279547 -3.406230523272979 0.072791736147958
85.103609167405324 41.282916467811262 0.775307003764588 4.345238723914856 -1.848210652241688 0.138303981629397
89.469679941315988 40.650169100365865 0.838794958335839 4.222818252726195 0.739679875617221 0.057867699216000
93.261946691765601 42.704380813071630 0.932720850030425 3.353234764470014 3.154296831741777 -0.043588687068442
96.598220713732303 46.437189467631505 0.912429328254113 3.603595768475694 4.152273375135535 -0.064253846912293
100.661419934247434 50.911475847973250 0.926209267912366 4.464244938959546 4.771605500604820 -0.088994149257523
105.455087859098285 56.105084842359503 0.903207857662465 5.094427690177871 5.591962297987369 0.014540623030920
110.707887531858262 61.996213132982263 0.872191090468930 5.409462463574743 6.080262023982664 -0.008358055387269
116.212204659131430 67.981504195648057 0.832946616469793 5.478765447901347 5.850304914170955 -0.158555839084486
121.621295486280601 73.778380699780016 0.747211557439278 5.286288947595335 5.741032925790045 -0.056061623047316
126.732294272745676 79.492542276770521 0.658249790258519 4.996953413843013 5.650649991614124 -0.131569158195437
131.546989274587474 85.300655685174391 0.460828964939158 4.656345722559535 6.059710398187426 -0.190043245199091
136.062891313920971 91.558642337869827 0.221053228469159 4.314628637386847 6.407668074079961 -0.358068380551496
140.302860984480816 98.003582246474792 -0.120199057835521 4.153611788325099 6.541712179424519 -0.298895009593227
144.339677930077187 104.737003339188320 -0.518299865120168 3.853624892408490 6.929971198639612 -0.455508352914953
148.211141187082688 111.711014300618430 -1.033799410664174 3.968444579119932 6.953245504080631 -0.575349617061150
152.105288428619929 118.663570872727860 -1.528136743051425 3.868046711193712 6.848893374167715 -0.539070570620586
155.935209088628341 125.248756175591353 -2.004482381415292 3.837473900263772 6.341036931278826 -0.181218386448876
159.774146379538990 131.411467464038594 -1.850086052578099 3.810739225325998 6.006249088603549 0.474612934086896
163.594667642573370 137.202217660579095 -1.268348584907973 3.795099025800164 5.737428845416307 0.512228788181191
167.297567065231249 143.044347484877676 -0.803794342865997 3.566810583358555 5.981938072474349 0.295486400753750
170.837295654448781 149.102624933105773 -0.497109478469140 3.418425072550815 6.048923505256147 0.330309746049099
174.048336551350161 154.949096051326620 -0.192853149149793 2.943453049743223 5.438803799419913 0.355294306909910
176.437806562880212 159.718329695956612 0.031614971787585 1.756133849534016 4.388682340551381 0.221530820981772
177.229324139728021 163.921610286260176 0.229791733244859 -0.305994771463014 3.923401375582362 0.194075902932020
175.921994810755592 167.444242991581689 0.351706680713421 -2.192095365348574 3.093207594328718 -0.084411531431255
172.533585117702245 170.257475659060987 0.289152622517743 -4.409648321695069 2.514248466425415 -0.076464375662110
167.326997513126514 172.798372936928672 0.241208408415231 -6.003487846902242 2.839830788310167 -0.052978529295374
160.497301493098320 176.141320657520623 0.178494535962461 -7.566223109546395 3.813646369089830 -0.054147526766984
152.818850292815483 180.039637433576132 0.122408305977500 -7.682599046122427 3.843273874528030 -0.086651087506759
145.177547293726093 183.735751862077137 -0.001672227719339 -7.546107650818086 3.604575285479656 -0.037197990426527
137.847200333778062 187.365809407947381 -0.047408361663758 -7.152238845043385 3.605731835442963 -0.036480043092962
130.813238575714365 190.814752930308259 -0.138408225601304 -6.952891377914630 3.248474277908634 -0.050060186490648
124.131594798457940 193.834228395353449 -0.230561035365999 -6.058741304796571 2.733347386600214 -0.077061419133741
118.724120935282500 196.364720433298601 -0.303046107913893 -4.691479088764420 2.296960517634353 -0.057204042758505
114.805469738333670 198.397728292321887 -0.358699457106647 -3.151717096081501 1.761851053459659 -0.069120262014840
112.561465716312512 199.718938589530381 -0.411541835088863 -1.208897009133409 0.748715594136164 -0.027278765783553
112.086654878361117 200.021480201730839 -0.442844947714750 0.029909031531558 0.002865092527141 -0.024651841191095
112.135883125102083 200.039610927353863 -0.465845652193583 -0.031614345631541 0.100573826378157 -0.019358800116453
111.782278143169520 200.378559555388733 -0.489235842773497 -0.968177448665386 0.777851325456529 -0.012741963134336
110.241543288546978 201.702816642843516 -0.472846725971025 -1.850912682286895 1.893744847233262 0.016738535733206
108.480756388937010 204.329208315950552 -0.448633310985761 -1.324406927094181 3.440053752999958 0.003125494472312
108.179817424338040 208.627855317206013 -0.501197895893123 0.989022514519432 5.034392383631968 -0.115704567931538
110.379649241759267 214.092524170127462 -0.539008611696193 3.109408421075149 5.866397975773912 -0.059541266323017
113.945677343400547 220.498796814107124 -0.590137581783835 3.917310992817524 6.988360828239943 -0.106843669702310
118.102478119526566 228.020990535722405 -0.646607884595723 4.404164592006987 8.014873858495081 -0.101203830359897
122.713216707595848 236.507930770508239 -0.683681722249493 4.812876139484618 8.861242534130822 -0.040122806167909
127.530523726613154 245.549498949321844 -0.668722515444586 4.753711576623048 9.132160208460082 0.089313581493286
132.177624541518867 254.555825296767665 -0.644143641718327 4.561179304324984 8.877842027957957 0.085668650470807
136.712895771107469 263.370588818706210 -0.654877922511938 4.530485580676967 8.783408212177029 0.024769293631981
141.327425581538364 272.263077653974960 -0.642170803190674 4.725579492223202 9.060919723931692 -0.007579844658374
146.131426591684772 281.438802472398208 -0.633175913186914 4.819565483921282 9.150677369350468 -0.031405877155485
150.879274931997969 290.477357335926058 -0.647222826865064 4.633593917355986 8.867749047395570 -0.001187238876492
155.279249264085678 298.988921702937546 -0.642784576522767 4.131130675975935 8.133644319725287 -0.001667678666540
159.108436135311905 306.558826762718695 -0.619800931262170 3.499825940697039 6.821725337471558 0.041783618882263
162.150334329761193 312.425174419140944 -0.599613999373620 2.579740447009208 4.920221963570723 0.074512052997608
164.190898898903924 316.566927131483169 -0.548422034451230 1.532761798978086 3.773930928219488 0.085865671135503
164.994199940759728 320.284966662792385 -0.487360697321826 -0.114264114283654 3.799854458353743 0.028274536786532
163.703716551842064 324.282057642928407 -0.518055564777875 -2.718558810498735 3.841436562531703 -0.040918332585001
159.547326802305093 327.438323101549031 -0.485294481827218 -5.299445768712702 2.564633584858239 0.032523846666494
153.703843983776153 330.067727311364308 -0.467575373925725 -6.368381380743569 2.860509610871642 0.039487581584737
146.754937886389342 333.382860166613909 -0.426520368850935 -7.528421543724909 3.794356541554270 0.059394562115521
138.952246623585637 337.446323722280681 -0.436803926816295 -7.927298600607321 4.195161050381252 0.028248732681037
131.101467699796189 341.529736730565389 -0.423541969395027 -7.835904186489836 3.977653410454598 0.043024391197262
123.300944508731078 345.365594669820439 -0.436095213157996 -7.744169645879294 3.771545252349745 -0.032447720155033
115.700839310413528 349.271877086409290 -0.430904706408473 -7.417663832538967 4.050476276487277 -0.005057056190367
108.591154820367265 353.374040402188882 -0.417982684507489 -6.525886709065889 3.921569914276923 0.030606464681078
102.939061650099561 356.728031179073582 -0.364708848253181 -4.996175546567224 2.818891950020916 0.014997778814423
97.943565384764980 359.315170383945031 -0.337753802891485 -5.097702867075049 2.421834365313797 0.074442804028124
92.507366554606236 361.783641953331255 -0.249599506741478 -5.852402763769592 2.591225153630146 0.118947488188340
86.096395500966580 364.689420262338672 -0.260380514221728 -7.002556325856143 3.343571120783596 0.026685970324420
78.582891476730680 368.452080790510990 -0.357396683864082 -7.940571719961270 4.328937228627768 0.089336171664421
70.429821788639217 373.140280145141048 -0.283883638682402 -8.252412500423727 4.825455478029824 0.049744966383147
62.176082898681273 377.827321061004056 -0.243511334040733 -8.243458974772677 4.458437426079702 -0.012661396129270
53.989331432494673 382.175177928099515 -0.217837079949768 -8.147355309626242 4.169185258210812 -0.046220179051060
45.925663800642482 386.231665168041161 -0.234244835926090 -7.922347665380949 3.974821872084738 -0.047463628033387
38.291870931561171 390.125544177519487 -0.265963419393063 -7.180399043242235 3.690912360911969 -0.039011773952849
31.924286843262980 393.423550354140218 -0.288510287727189 -5.523749266445461 2.795560125019719 -0.098032687957913
26.938501412570961 395.789901678887645 -0.287101136339408 -4.645116607083114 1.888592655915823 -0.005716732849413
22.302171678304752 396.719653077737064 -0.281119728146188 -4.597158919347948 -0.289714250311490 0.003868955350075
17.848758500013918 394.883018739788838 -0.305719166931798 -4.084868454144648 -3.457399802992023 -0.059305858177602
14.300486516264449 390.136633273813175 -0.410728030740955 -3.306882332777020 -5.604144014237833 -0.179233750941053
11.046406440370241 383.797560110104996 -0.410346917215541 -3.352923553448248 -6.988521821145046 0.032521808467954
7.582549006533880 376.208288543643846 -0.408922089719587 -3.661835234345352 -8.072724410435065 0.052545914464916
3.741039294770648 368.036578062100318 -0.423775382247131 -3.947548571249865 -8.152943879296002 -0.121761067300793
-0.282224900945112 359.920849862490911 -0.489353939982196 -4.143124107583612 -8.180756658894113 -0.048742373492858
-4.535738863304974 351.758581049409713 -0.569589635097837 -4.240281499723962 -8.096903473319298 -0.075861969541430
-8.725326136432130 343.745884408642667 -0.577570009235772 -4.227922638354679 -7.870964497095308 -0.070423601969676
-12.955588771261073 335.893526460073019 -0.578588998730780 -4.116092691768785 -7.953333934911618 -0.044327561263110
-17.092334894010715 327.788041520440288 -0.580691472438220 -4.181271859144201 -8.242102047249437 -0.009331807077285
-21.432938422067600 319.481398745522881 -0.645275633733341 -4.447323632288605 -8.342911224105992 -0.056081601653924
-25.766786048425718 311.082276043213312 -0.718457154929513 -4.253069120869819 -8.531508840415013 -0.047473580374947
-30.026516215419587 302.472628266457491 -0.715066608468411 -4.216378168737679 -8.615114703655648 -0.107380655092830
-34.257405845153066 294.028867315136722 -0.701923541161069 -4.188802624576465 -8.227304974051544 0.014714722773428
-38.266515431459162 286.254846327061330 -0.704354374224410 -3.692432195427273 -7.289437426651235 -0.046051326381802
-41.800807897683178 279.623569558636632 -0.682339222170885 -3.233881862391187 -5.816293987853691 -0.007105083623415
-44.549442039191831 274.704246351677114 -0.679492366730350 -2.110311917260005 -4.042581082232833 0.002836010434685
-46.008483214062608 270.882302271038157 -0.687537666514745 -0.598922083156291 -3.775408193001714 -0.035970147169881
-45.630198495371495 266.648391781318310 -0.730638158571778 1.661639923898937 -4.608202967837017 -0.093888498480541
-42.383078788872695 262.217167638468538 -0.809162653452370 4.792685214895995 -4.007721677435284 -0.052126410443085
-36.699731968070886 258.502527670932636 -0.898554296452378 6.243065383860059 -3.675869965592306 -0.142355642679739
-30.002607182590232 254.675289663640854 -0.940990316230907 7.116785991419878 -3.953117428492416 -0.053209528164337
-22.535537154296762 250.578401394045926 -0.994203324068944 7.711127189796835 -4.083092143051537 -0.044222746270162
-14.757048664902191 246.707130479996579 -1.092761652590083 7.829516227822176 -3.653135787766611 -0.053380614793163
-7.118448102397100 243.152597739207778 -1.191100786556271 7.251936731045490 -3.454901393152592 -0.002564098483292
-0.633720560260097 239.970628460627125 -1.205026689355633 5.535527926166053 -2.916039719914863 0.038608183537479
4.501674951694364 237.110496523186953 -1.185712490249884 4.918393732955182 -2.872733892653004 0.067365194033628
9.347273468419813 234.387838491504198 -1.265131177753513 4.886255245841487 -2.340118779868063 -0.014321495648437
14.344275054851831 232.896476314994231 -1.300443005963070 5.064966498675728 -0.430285372154810 -0.081388806526193
19.245027822362026 233.743550172902644 -1.344176766177400 4.552908197234729 2.070231606883312 -0.034964222834823
23.178960695959439 236.770512884339723 -1.363079923918318 3.426232933247516 3.663085580639274 -0.034778091666943
26.512566595868357 240.358197158634596 -1.387224677763831 3.287813231434423 3.290133539196681 0.005085773379815
29.910888056747087 242.606063839491696 -1.419539538225542 3.623284532680783 1.116118982927532 0.031516826496798
33.581228877025083 242.794172658341409 -1.477167866463215 3.871637065135401 -0.751760478223306 0.002908572011235
37.858730377311396 241.296470700432025 -1.570386261561812 4.767421795836973 -2.192344616932023 -0.035809047742548
43.270601936324887 238.684242140247051 -1.633830912840877 6.066288053262333 -2.992891116415349 -0.101093268745164
49.828473404273076 235.337098713485659 -1.687485870694605 6.891660677066110 -3.649770901865961 -0.058560206869701
57.023273317502102 231.471483908409112 -1.708397719895201 7.432805287220726 -4.066181935430609 0.023456398711082
64.539378473660193 227.519991768614659 -1.703241939602392 7.508959231032541 -3.823468324986087 0.056823523068576
71.887322519119323 223.809911678704481 -1.695666510926486 7.167898187645265 -3.634285438607379 -0.066811940539010
78.933618631025652 220.296105704559324 -1.694466839057214 6.896826349164912 -3.394301982859015 0.040498012370742
85.356189879428911 217.204769501205362 -1.684302891670440 6.054386387423308 -2.879689074321127 0.015501918376032
91.067275718329441 214.434659593350716 -1.674349648770320 5.091714426565487 -2.532811739439852 0.029561544144023
95.306945518103717 212.198563203617624 -1.642927428524591 3.454987327157993 -2.009565343350117 0.010180192494823
98.000598614890023 210.448136566472499 -1.621158097075554 1.913728747654940 -1.381903854926457 0.009055304205407
99.332828738393118 209.332798310285852 -1.610949400942824 1.132734704379288 -1.098562348062081 -0.011495537505888
100.606953291456875 207.835599391913348 -1.627584024497002 1.535102199064885 -2.290570909413076 0.017179697865304
101.850153970142358 204.500978538033053 -1.614102106682901 0.513761541928056 -4.343413765119363 0.002844156433771
100.989462659326108 199.373755786836682 -1.540409488796327 -2.279520099676026 -5.764893112781207 0.047150704789980
97.775069119564463 193.031203945575527 -1.519822513229058 -3.954500105292862 -6.968621172751638 -0.005643949308168
93.388985404213997 185.315477151449329 -1.524975448024213 -4.727299589505048 -8.421390374076354 0.056041415590328
88.549564079306876 176.279136010200830 -1.446050456827941 -4.949095149842933 -9.536967920691293 0.081757212580123
83.569640035477590 166.454753350213764 -1.352772441245655 -5.046678639540325 -10.061199399088091 0.095805249414958
78.364743525557003 156.201172497419122 -1.284712030994830 -5.410748881944811 -10.467408048535383 -0.019845860021823
72.734897273937847 145.498773508401626 -1.252900620692631 -5.793827523982472 -10.933394515924936 0.067768723413578
66.844617915033254 134.431759364119074 -1.173168213278264 -5.926170365971688 -11.184799328943194 0.090688095967286
60.965091944224653 123.219138452667238 -1.079932927987082 -5.803446875721048 -11.183674331174146 0.082543808895751
55.262715747989340 112.117869676441970 -1.020388298101023 -5.592344584695458 -11.002482945363131 -0.016575466645290
49.857319928717075 101.412774413877528 -1.015372477246476 -5.122602287274884 -10.175027115479827 0.074365670171906
45.079110617991461 92.037687429082155 -0.922798990581754 -4.411596475518196 -8.537899652724288 0.115897209737502
41.174618370175303 84.532643001046239 -0.823533669566316 -3.416865683923601 -6.498155663102274 0.054827458136269
38.648221250838532 78.770662474875408 -0.769102661820506 -1.386788378706129 -5.244143667776292 0.065128313429714
38.477831984080808 73.654187981494843 -0.710688945992553 1.062858428492242 -4.890367971510257 0.018833096037274
40.781444608484911 69.352572028925039 -0.731931451586829 3.426243603055954 -3.555942811796502 -0.056701199191163
44.924017780290093 66.154700330337505 -0.716959735991749 4.756877483081819 -3.094071266745990 0.118305121147175
50.214596374303653 62.761764032856526 -0.682440824402012 5.859148584889043 -3.763869099217338 0.030232132938235
56.822064390449974 58.814146502304411 -0.675015654508583 7.383286342244197 -3.933709960426424 -0.022322010954376
64.371996406508060 55.029899477285660 -0.597661734578888 7.411558337835928 -3.860459831716302 0.088872866208985
71.437727805945485 50.799203288841618 -0.528330562737326 6.767614251737021 -4.604963580521138 0.050396185755972
78.335827476137680 45.976467242245263 -0.467628834363233 7.175667247076921 -4.949731810990517 0.055771410464672
85.407844293982762 40.947023201639794 -0.412631604573068 6.690745632087540 -5.409578392352160 0.168641685063367
91.405738615545175 34.992160027877503 -0.327239550352248 5.491697111723492 -6.489067849510660 0.072049826627733
96.857353571526588 28.276124519539213 -0.373209409293136 5.527255826618946 -6.935474240751743 -0.006147902049762
102.182402651477148 20.822102079271765 -0.391748396323650 5.081882413905033 -8.043688742593785 0.128485379339155
107.204854489864545 12.734239099589704 -0.336570718596247 4.884651208200538 -8.055679248342203 0.045200563255912
111.475453415929920 4.547896886208837 -0.327322036529266 3.602487919753882 -8.314481565216330 0.042912285750157
114.499821031249681 -3.664637051794160 -0.307757153741196 2.656282001101772 -7.754417181188123 0.028858007580144
117.010351153540199 -10.424401270862674 -0.290392215750689 2.405314702066154 -6.095066112623940 -0.002929540869268
119.275097504766165 -16.489015295134333 -0.303523507699999 2.189177846935698 -6.209804864384026 -0.051728235191132
121.591338815769319 -23.044390800302068 -0.352786487463194 2.659973952895425 -6.853422668198497 -0.180425541050969
124.642201420257919 -30.279062851186595 -0.445992111307313 3.287111858001314 -7.714769154176307 -0.054285994583150
128.110116747860246 -38.482953428450415 -0.508994900011451 3.580637073370216 -8.604937065176683 -0.049666828616998
131.671882639113335 -47.068119075437345 -0.649620864335761 3.578312826234966 -8.521396003085059 -0.087290594746810
135.328140698578295 -55.467044482670673 -0.779241520795087 3.545073236804396 -8.333243513288989 -0.170211026865131
138.781148204006769 -63.660239707706630 -0.861712280161646 3.342597979337595 -7.863101108731116 -0.018688051422452
141.708034388839508 -70.812287933803660 -0.888101670334083 2.384581069410786 -6.284318247442132 -0.118470339294342
143.917379227428540 -76.264742696021074 -0.890510583872765 2.651106482010663 -4.770488954599921 -0.020343044156817
147.474415866333800 -80.337319542061095 -0.881987418371302 4.545054999041948 -3.454282611182814 0.011551852313109
152.639970476823237 -83.567307403614478 -0.944669694480780 5.551185258439948 -3.336553801996378 -0.031354983335409
158.327364285039408 -87.213439224176682 -0.967105808156060 5.810402685011189 -3.975392160768611 -0.037253015183221
164.302630124485319 -91.365467241431517 -0.966980490360805 6.126064612718329 -4.217636296540226 0.011534459116446
170.521430837167799 -95.637970482798210 -1.009265395489076 6.356185199839089 -4.416188266276945 -0.033709408602975
177.031383064102869 -100.263834511885349 -0.969138647642578 6.620494885322335 -4.771484202236159 0.015040994358713
183.742028793429029 -104.959027524809684 -0.920317374024434 6.784750782970294 -4.656343979176978 0.168792282809561
190.571179756167851 -109.710212159038477 -0.909109262888783 6.916411372558214 -4.888626387492892 -0.021127760331058
197.662264198607545 -114.645691400874355 -0.879688217440233 7.159091960881178 -5.060930117398961 0.091720221897499
204.796648883117030 -119.738292039065271 -0.839935833169300 7.044542854820971 -5.128741937384071 0.038886438565941
211.776426452916724 -124.759991070035468 -0.704116217831519 6.894791393115532 -4.861895937250853 0.042137049494010
218.485805756604179 -129.432534423956582 -0.544087041014599 6.369338980434871 -4.368866118231987 0.206158300345797
224.326649736516970 -133.498587860808016 -0.365503831142051 5.314632245463842 -3.843239510662903 0.243159639535424
228.936019253027013 -137.012795385294567 -0.113330971328727 3.836206870855766 -3.101389816393613 0.241981246455806
231.903338169814731 -139.519568677534977 0.101752847085130 2.212687441402939 -1.829918133652303 0.197954756216968
233.911891283121633 -140.894414961135539 0.336693286040361 2.055411218141286 -0.976764947484907 0.283084413784309
236.301275958677110 -141.398404465059429 0.602466219088399 2.923242390488794 0.135371743520954 0.274887503429989
239.525670722391084 -140.113423163101487 0.694657301036828 3.440393077445081 2.415095623342904 -0.106493440673996
243.162020364294250 -136.609763106184005 0.458346769427152 3.791507264109567 4.616973334206935 -0.287377618316522
247.093970979543741 -130.944720942567642 0.200672739120676 4.160738409181417 6.564614198545511 -0.240531164812351
251.706374058705990 -123.839886776579903 0.007936436009046 4.988602355627691 7.385374185975005 -0.230552493703123
256.961218289059047 -116.254958918850321 -0.143748123699630 5.397352875768745 7.750081881632719 -0.069029353602131
262.425060766907563 -108.428847777022142 -0.298671673116493 5.471429039491496 7.850823306747907 -0.173758135976299
267.947732853358389 -100.613568952270185 -0.417526412664133 5.629524315317740 7.757124794911177 -0.104594175237293
273.564300283659520 -92.899055981190614 -0.575944995777131 5.521286118018429 7.766204359913135 -0.013523394141854
279.024744673991734 -85.141922242758611 -0.605310046005528 5.474764013839946 7.660817529769326 -0.080621022148230
284.509399576194596 -77.508888500599582 -0.638945409108289 5.547890408694077 7.626141012909645 0.109467160715151
290.185237692917610 -70.021927692991824 -0.676112939347005 5.845437423953818 7.277506162089713 -0.009675281378394
296.022882592187727 -62.916828093115711 -0.731952902214390 5.790971509011216 6.933039511168809 -0.041028452117605
301.523943028565157 -56.012417638355593 -0.762943696646287 5.232573803239378 6.728295703472767 -0.064378468801693
306.397000525406156 -49.665511014507061 -0.871131651002259 4.623811164149270 5.821558974253351 -0.105778992533189
310.600621220084747 -44.639413678357975 -0.926513596702301 3.731874837293124 4.205265669573952 0.101850334780897
314.021718993919933 -40.640816319388684 -0.978029146147079 3.068256870009221 4.167813829922184 -0.002713647483054
316.354945512548227 -35.981282152222434 -1.054012724345059 1.362141450541571 5.369571686692225 0.045651513888765
316.482973086693505 -29.977366279543258 -0.945803669556266 -1.216393176000951 6.496461955092858 0.096863741731849
313.854939896284066 -23.329163792198806 -0.825354521652935 -3.643653723438100 6.787831310142655 0.143106927396392
309.986196445545602 -16.190190283751413 -0.693058413773776 -4.031674626883497 7.603835074414890 0.206868788519815
305.814463779490723 -8.136699954887360 -0.488739532898830 -4.263257001689959 8.312155242711592 0.109564133394982
301.743940390398791 0.227597751555236 -0.265130152697140 -3.680183276810493 8.379128082636877 0.261941973311519
298.380858772572026 8.642450958563495 -0.084412727447457 -3.369824583998347 8.460783314444557 0.113196409697323
294.631446567654223 16.968994513992087 0.040958930368167 -4.120159986583197 8.156870360542923 0.064526045114400
290.204531487116071 24.937390495515775 0.114728534645055 -4.647156819070982 7.769376663437967 0.023854431954208
285.669665534708031 32.554558478836235 0.221855136927482 -4.363912304837716 7.470013440360001 0.136047692598446
281.389778038526515 39.724443377703373 0.300524492425073 -4.182531281604181 6.734117517878628 0.050220918244561
277.413394884434240 45.829573734347562 0.360902176238365 -3.745182629612618 5.367510432859802 0.114728299018510
274.032277119568676 50.378690415765384 0.409629567274122 -2.956019241251699 3.686588626536919 0.123604259182957
271.645047201715101 53.073639112462764 0.466907304874003 -1.827288222954526 1.675369768493865 0.031109179095587
269.960365941175667 54.656423904329031 0.468254394348844 -1.660259445142789 1.652503356629134 0.013090267417402
268.200357226636356 57.090048896680173 0.478942632988048 -2.040258798453046 3.663738538342949 -0.041549940498334
265.784754718152442 61.818465571545744 0.491110851483918 -2.889206236493387 5.571850168995383 -0.157439353934868
262.364458636310587 68.092551304627520 0.296003129338914 -3.778560165779099 6.897150444057806 -0.274310557940662
258.381334461690983 75.420209743891434 0.110999035290679 -4.137494369992115 7.653448636107870 0.008840593477921
254.217119465828091 83.183676676766098 0.164489227604220 -4.105649151371454 7.719337938473243 0.061028870808932
250.213923910070235 90.682237413104687 0.216554978028777 -3.892234465456562 7.209829463397166 0.195892990238191
246.679299838763711 97.033438420856839 0.300947495386866 -3.148875747525835 5.321298836956038 0.044940371303005
243.592477929454134 101.523795766079402 0.339349126453297 -3.406322240534053 3.802803506727017 0.089341754578243
239.529114208838905 104.657941547181593 0.343780597343437 -4.842820651483746 2.707663990304316 0.004950259825465
233.966209401706863 107.421344753369127 0.231477210103028 -6.219716220477476 3.060024163601942 -0.143682019887673
227.106689025327483 110.885231818836090 0.156329812891985 -7.406827087463214 3.953695682705935 0.025505329693024
219.260005186745161 115.277877577249058 0.146534860366063 -8.305060700570875 4.672231075804025 0.164362621624993
210.874126542931265 119.962155804618661 0.191114855406255 -8.443290596227740 4.581955475018787 0.089553185422752
202.558495696302032 124.441957380123412 0.189626199910511 -8.164267954461691 4.421420696506043 0.012597614443609
194.508370083160315 128.877689516719869 0.251375861172350 -7.943841118343684 4.399634228690225 0.071877950143158
186.753076595514813 133.042746274305756 0.261452390776797 -7.398373266059292 3.819925693933518 -0.000560819068028
180.081366491862752 136.425043354725062 0.270456417701015 -5.852265463169710 3.034606274170876 -0.009789335322557
174.950636658631566 139.628576169941596 0.218059191620119 -4.557703283673136 3.685539682618213 -0.161569663069860
171.398501214363819 144.088014992850475 0.148774923806163 -2.195592246761407 5.266657479736356 -0.054142872939427
170.720391676647296 149.842674638305624 0.114205032191774 0.922201008280605 6.091224097635751 0.053858068834972
172.949510140084925 155.947986540787468 0.202206253826927 3.191036700612703 6.128790063274322 0.059854183626018
176.478627361907854 162.334056316400279 0.218877644066747 3.774569324262221 6.700721471731510 0.032460086059921
180.381578822840311 169.479306937799890 0.308079047395375 4.035330698434784 7.579341494244488 -0.100006611852950
184.705301562819784 177.498826312823866 0.309282503923107 4.626630019234647 8.406421450273079 -0.097260046715778
189.485795569222887 186.275555138521526 0.325123759766758 4.817216706571132 9.014779570487304 0.019483179587050
194.274679312123709 195.291762780287286 0.328980288479287 4.707467660321075 9.013761635856959 0.105973267876681
198.909007581602623 204.256465689273597 0.353196473605337 4.605898173743320 8.887731005035437 -0.013331593531262
203.457768044865503 213.076857763732932 0.356196247396202 4.433546571269644 8.758305797946672 -0.010421617681203
207.747592180532791 221.855450361467206 0.315774597423543 4.109433642837170 8.807648753899603 0.031512228816621
211.595834764589256 230.776621681150772 0.324719219807962 3.630881674949201 9.054821184815578 -0.020459935074392
215.394527324443061 239.809834181115320 0.286409888335541 4.014820611950571 8.975431355775131 -0.174238250350934
219.675758139968877 248.737840441054743 0.259179173980483 4.434013952798215 8.896011067284855 -0.036387449290975
224.117591687111428 257.535275492263224 0.236333401898614 4.370047590414492 8.635385121453856 -0.051256447054348
228.199214774424973 265.705971983447910 0.215795194169868 3.794221646840175 7.663746374057447 -0.010350205748202
231.719554943070108 272.557000196345996 0.182449090022998 3.098555146053495 5.985269735834484 -0.088283962432152
234.636248770392626 278.394758703607067 0.165728514038162 2.659047578044591 5.789899985808656 -0.081306070340056
237.123636632953691 284.749699345283716 0.099020687857401 2.519273359898082 7.037292518481139 -0.046137368882238
240.150073976215452 292.283935352483240 0.048474842943357 3.691772412606970 7.907794406060270 -0.074917969426834
244.554426197724553 300.423368735830820 0.037706536881042 5.000737974715228 8.462198440996630 -0.043948713769701
249.683349178466216 309.205454278166712 0.005894901654928 5.065615585279094 8.918287415756325 0.086914122989545
254.659186026277922 318.055090051461548 -0.026996758118481 4.940642754151584 8.724147556871619 0.045676698392165
259.589277290005384 326.567729023101606 -0.077446900186566 4.914207450259915 8.197565085573016 0.088013483364472
264.146091814565807 334.162583164317823 -0.102883977656518 4.125429276433886 7.008459281724806 -0.030641029479652
267.738780029808311 340.618402772861089 -0.197073114571122 3.036191766182323 5.821776320445839 -0.043599250730626
270.318260482350524 345.508126517539154 -0.330153884808405 2.613182242066102 3.928645621357023 -0.187270647430439
273.426015824469118 348.346594955187754 -0.430941868211589 3.528709599380251 1.784727679757636 -0.019199388475248
277.233154117669642 349.040900999300732 -0.418579705477317 4.060685254321652 -0.450007211395659 -0.072492469655025
281.731537023286137 347.399118741863219 -0.407647157584186 4.870988192191226 -2.560801454481892 0.052940367791815
287.236163880681943 344.568000993261251 -0.350123256764985 6.176599137448995 -3.034690215221672 0.035795067040476
294.068486804046984 341.325313275888618 -0.266677853314583 7.406259831794852 -3.451862182429656 0.074450287818311
301.894549225141077 337.670992793513278 -0.159945908846627 8.076145506933734 -3.920282858927443 0.063771726716853
310.176702013988518 333.671654497121835 -0.065755094718113 8.362928497538928 -4.040970985831895 0.181994974553194
318.517537889797040 329.576679940662189 0.029175431386961 8.271014018680459 -4.196944233220709 0.110843712607146
326.654121002643024 325.455178398180351 0.164419162212956 7.957898144011613 -4.092384018239033 0.083552971354701
334.446820370197315 321.479120476538469 0.279025624171200 7.675059643628042 -3.858842209475162 0.150281706136393
342.118757425976298 318.001654008991522 0.318723922476230 7.687318777665695 -3.073827596677952 -0.023351814006574
349.794589787515235 315.257641558229125 0.301777375011553 7.685268762840130 -2.378515895162513 0.085610725902575
357.447786269795870 313.291050870892093 0.292181925712044 7.646584442415731 -1.572290782729930 0.025998655165923
365.055297947605482 312.007130529499420 0.225739135290605 7.570669990316380 -0.979480715851440 0.006376174224982
372.510227574307351 311.409596133808066 0.240937807736627 7.303550072508043 -0.245581933630809 -0.029299663583102
379.496219526375342 311.493693863882129 0.215960410540223 6.392982444612170 0.373061856424922 -0.034217802734355
384.988123002362045 311.831357923326891 0.154331920911866 4.532056448594606 0.116390118451657 -0.008028734437221
388.848320010462714 311.572093406921397 0.048338580095040 3.664217668827571 -0.662072899497563 -0.130281573468506
392.363199832976932 310.293840837997379 -0.043562096407451 3.473779495746161 -2.087057818755619 -0.108258622075905
395.657468940362492 307.066844496144142 -0.091631535573732 2.956873043098529 -4.748573446302371 -0.107262653438065
397.960353474781016 300.745494282669029 -0.132997450170562 1.868858148606177 -7.605918018520240 -0.000249931077586
399.737045304511128 292.140099254248184 -0.099967914613543 1.800714909454903 -9.500510890821833 0.078928384930008
401.493374503663915 282.461793470227519 0.004462179769736 1.761296443718622 -9.631378616113240 0.147915544624899
403.262755211278204 272.954273668855194 0.133125566904264 1.747101764260061 -9.346386676648967 0.128785609487045
404.904465982161469 263.788201287958429 0.248394008039818 1.528527683507110 -8.960389808901088 0.132296023600179
406.433169545141709 254.945748462670565 0.305642528902732 1.598977077475883 -8.953290309445098 0.014483177845100
408.081425858253397 245.764711148866240 0.406047574309565 1.528452740210343 -9.327022352047720 0.115533937425518
409.450391396533917 236.505040576235984 0.480763782515389 1.251576672655318 -9.077584114173510 0.026552268765107
410.616497849152950 227.924008391061108 0.451483043981063 0.989637556468698 -7.804758154661141 -0.094688249292974
411.041268992423454 220.826348334741965 0.290336207888858 -0.376255662984574 -6.583392287221435 -0.186478372601138
409.358432960907294 214.685217505329604 0.132094868453576 -3.204320447060947 -5.439362422742521 -0.177372718699906
404.759742680234581 210.496557707037681 0.003871969268705 -5.757283228138911 -2.889892169100271 -0.133744626603359
398.328594910766128 208.728847926912778 -0.165933671897464 -7.077038432125130 -0.673764617152790 -0.190284093587440
390.673067389154596 209.204948317905263 -0.274863267269939 -8.182498592427493 1.569993155239365 -0.057425283529498
382.024762607333969 211.695437691978299 -0.360995551096190 -9.082469035366131 3.369518939336030 -0.001924711003675
372.583509170421848 215.525349684278638 -0.277969650153491 -9.654614503710912 4.143614817518618 0.120303697550663
362.849574708488831 219.924453663747840 -0.167119015561736 -9.776006094053391 4.610086689095285 0.066125116513710
353.265278101048068 224.634542925549226 -0.067507003436568 -9.383491716848647 4.777208188041957 0.078673486401033
344.098774787500872 229.417446332970314 -0.026755948625734 -8.952498688215529 4.751212866262505 0.032724668496891
335.357615750356331 234.099467878238130 -0.011085526528664 -8.521525880906541 4.634429790620269 0.023317455408784
327.371836346072655 238.614288371947708 0.066342434188576 -7.239263687703951 4.287933541667055 0.067135444186440
320.966380313408251 242.489076786632268 0.134838086650660 -5.700107070367921 3.287057524545505 0.019087363566060
316.055097327327815 244.738847378762500 0.155456288710020 -4.289861487652376 0.963944588905686 -0.005209010509532
312.002531291834259 244.219643243024422 0.150685083037094 -3.646675834789728 -2.061411112710662 -0.026797583277828
308.673934746988152 240.811258999873388 0.078592263944815 -3.155284250905462 -4.475843764014593 0.012560028803204
305.448448091315129 235.530050953418595 0.010412120712570 -3.522001900798930 -6.034023716408803 -0.060495072865415
301.661900871874764 228.671330743959146 0.010456432816180 -4.096004260784713 -7.674882822059824 0.061233638629020
297.308380245093474 220.301529489273605 -0.020686456218532 -4.620758785106528 -8.821325837796696 0.060221135271735
292.605332316344118 211.241531806358950 0.026632478676122 -4.680030478199971 -9.203136699058524 0.144935406513697
287.927157606419712 202.100190035751353 0.089600671408115 -4.656884846395838 -9.100860236082990 0.041672988129751
283.118429190960285 192.893256808015451 0.096090563647454 -4.962741536229324 -9.385042891242570 -0.041495824263144
278.039907738638135 183.266583301559507 0.082895663985033 -5.216634644892268 -9.871408852225123 -0.041659014735748
272.720076578455576 173.270408221709857 0.062902545648504 -5.326728479422655 -10.045621234148484 0.093169962337156
267.526501337612672 163.315448286595142 0.140023832292565 -5.124462383970037 -9.900729458777725 -0.029943304998331
262.403534296551072 153.486624552763203 0.172125627916720 -5.119269385550139 -9.702479485451605 -0.068703238135732
257.331354724663015 143.967996579556939 0.156879099852153 -4.962781069019669 -9.381446995715194 -0.196290287495651
252.423481690437740 134.806369151036563 0.121429526967964 -4.743575017048035 -8.839895987179951 -0.139900332155348
248.050198075399294 126.607467021711429 0.116657769150803 -3.913214389581765 -7.518826353931185 0.041571534269640
244.604054127338685 119.805841149927389 0.179713952274043 -2.943318953249101 -5.916959960437798 -0.042830574500665
242.138909540517972 114.720510298012059 0.172723733868819 -2.221876072447615 -4.294996339313256 -0.017182079119485
239.587178892293622 111.166105489307043 0.174815864110972 -3.023676483727974 -2.897777271702115 0.030677642813349
235.821138684813235 109.006914403898335 0.157143525172698 -4.595013671992652 -1.242490378110110 -0.119681374644238
230.656787192075655 109.070106799881003 0.123548889314534 -5.528780898619750 1.371664211419304 -0.041467182829603
224.753870560006106 111.525786733946674 0.117507582551905 -6.493150554900368 3.327202688732897 0.007861669745981
217.550821082232716 115.539510843213449 0.142579050912146 -7.954237255908108 4.542839526130423 0.050137488491244
209.310335470230086 120.266945533757720 0.180514479316172 -8.412493469958084 4.717006014437901 -0.048342255738431
200.888587328414900 124.858649544129634 0.189448277445532 -8.340787310322671 4.499567363857263 0.030010640006031
192.668122517315538 129.330671162401330 0.270793191512630 -8.062079854323073 4.459884170025050 0.110704129156090
184.886855338432383 133.515338692990554 0.278522452355126 -7.177519916608682 3.804867550132701 0.006175331836475
178.765950493568056 136.775685659852115 0.284111167854770 -4.879747803075811 2.666464346946666 -0.058610463775412
174.647454632848820 139.240419414349361 0.229689636866268 -3.679634488930214 2.666103119922298 -0.099587192244435
171.530918308269406 142.399515312082485 0.123505495776704 -2.419031504009778 3.918006223885177 -0.068360015273859
170.055496296343989 146.948792367234773 0.019636304038278 -0.213919475649396 4.910181644154696 -0.067621259817133
170.806891960459552 151.802713494398063 -0.016148078227607 1.665022520599309 4.675821325344405 -0.062818405828051
172.997609963361128 156.317171437014252 -0.031161572394001 2.524675090718179 4.386344369890189 -0.063272101172848
175.146051326425720 160.788004267492084 -0.083586167104151 1.460209823040301 4.526145547124579 -0.029061226911917
175.384136710849617 165.217519433363776 -0.105383969343260 -1.028603529448332 4.208659599444706 -0.030376517877111
173.070257473452415 168.952640317270095 -0.240712587755604 -3.565414398827960 3.156493808866316 -0.136650664164549
168.581841433243056 171.805626943594092 -0.383408155971718 -5.374592488650635 2.902752827756248 -0.100300180434031
162.384997812003974 175.209413027696002 -0.479118084215321 -6.979037361345481 3.891583349103052 -0.075667089709269
154.672543143598801 179.452156251080794 -0.562900358934605 -8.467931344014170 4.543132369808767 -0.021376967447685
145.633956986041909 184.230658071815441 -0.653819393732892 -9.303535046793515 4.899919435214535 -0.017542617098326
136.408274605901852 189.136996374678517 -0.668684835676182 -9.165608149474174 4.753912230601912 -0.082794715903411
127.549996849311810 193.612805127953663 -0.737612101742145 -8.356288558831988 4.146319702654432 -0.070455873112243
120.077139958730442 197.332874175561102 -0.789514491551374 -6.471694235190456 3.213645654106509 -0.038906719917574
114.860264154241392 199.970522695667484 -0.833401928877365 -3.804803708937762 2.048292861476378 -0.074100552786240
112.183199231779199 201.528135922356995 -0.885005118708879 -1.964939907512515 1.267683901277235 -0.040363217824177
110.372704503358165 202.915130662228705 -0.900345898701218 -1.789650099860667 1.718385078121992 -0.069629950264458
108.481855411688656 205.655990986520038 -0.884331040995148 -1.532599347763304 3.770985811400191 -0.022583626027987
108.158126524292427 210.414070127867944 -0.959170177906184 1.210305531096599 5.627485763935541 -0.105215755245522
110.931252121603677 216.553054347369596 -1.010319966280606 3.812466636456152 6.774298456296898 -0.076331347196357
115.206526234909589 224.175207618840744 -1.085813754687963 4.673089647454605 8.536017849404024 0.029639828833576
120.294704697786941 233.486800524536989 -1.113277636541760 5.368616956085678 9.907244902231733 -0.067178889103359
125.830554588908484 243.770237697209581 -1.170281324017258 5.593209925925525 10.503997561626180 0.054223066396186
131.481499434514006 254.380346862344425 -1.142749702450664 5.738882896687524 10.663028539246056 0.109827658106010
137.267708895105017 265.116189720770990 -1.153838068142796 5.827606284962445 10.806135974939389 0.076138143381910
143.079202483023920 275.953107640932387 -1.172576274697216 5.765505831766712 10.811339247686615 0.005093331665033
148.815186165787537 286.664515990624864 -1.191091000243872 5.694000554668166 10.593919170097299 0.002107897514484
154.227550070307785 296.839962021850624 -1.220613189903699 5.012814482314840 9.528449130785130 -0.088951649460536
158.917840506498095 305.774743739208191 -1.250517645854713 4.408641182941924 8.179701500074001 0.011424057512601
162.849283452059382 312.941085633984983 -1.268637985153317 3.401442750113422 6.098961773775695 0.068750615929687
165.548071952275421 318.012722292522369 -1.255548711545634 2.010662881925352 4.349896094988427 0.023901863406281
166.431444106591869 322.346442406603444 -1.251532195952826 -0.513731504186362 4.313449746144886 -0.054940587482448
164.253640587398905 326.352493059923177 -1.372661147488040 -3.905052729330405 3.288453881883328 -0.147731606229619
159.154363389391506 328.870587782264238 -1.344358329771239 -5.982701636227095 2.258674018395400 -0.031193736330784
152.332283971348886 331.529573575396114 -1.335921830833490 -7.618915058785115 3.132616484382507 0.040393034293223
144.152301072964832 335.373263599135157 -1.329536784418159 -8.721132974347567 4.393398591074861 -0.088211968226305
135.037865708189202 340.034755514134531 -1.362281226380221 -9.328235161157757 4.872611908560805 -0.005723115888717
125.648203663947996 344.933090239413161 -1.379621671372331 -9.385048860312020 4.846870640012651 0.058565134451318
116.367635888107088 349.689544761561820 -1.386200017371081 -9.100639888046578 4.767081417503520 -0.030103126553613
107.790341909801953 354.391737248607399 -1.380238234645533 -7.845674546372730 4.488585057721357 0.052039446555582
100.366467395828948 358.590738981026846 -1.326395080662080 -7.363437814975547 3.830996945248063 -0.008228241056890
92.631686828909778 362.157159788455488 -1.234396151633752 -8.144932764645581 3.632487751191156 0.159366610822231
83.873453460585878 366.262234817020385 -1.288868184206590 -9.309252458411017 4.675504220381481 -0.213577708458798
74.135999132290763 371.425728570626404 -1.237468066346595 -9.945502968557708 5.603201363335876 -0.002628273373788
64.317255534426792 377.117282818067224 -1.163670471819608 -9.794082766448934 5.548465260706609 0.200846351464110
54.493663736611509 382.329747604659303 -1.078074586860815 -9.768154264332068 5.029863963901038 -0.068508390821573
44.783893272661906 387.256769031604449 -1.060811317569211 -9.629439049700572 4.738703879148324 0.000734643535881
35.300229635163127 391.874975429140989 -1.056592814272061 -9.275708731845334 4.510363901342552 -0.071938140216752
26.033621413925104 396.388901794717015 -1.008597167403559 -9.252806676231646 4.685378222575228 0.048744354154566
16.780570131476320 401.306157039298455 -0.940699262909238 -9.348898028987055 5.038902502704472 0.018887308803438
7.368888461297252 406.618980064204777 -0.953842362460526 -9.422963665757095 5.551836247243747 -0.049959499065245
-1.983282504245804 412.228604627637367 -0.993041283416669 -9.171470333313891 5.622936811702402 0.021764474334037
-10.553090778855365 417.769184352915659 -1.004710268201854 -7.851962497791453 5.403264556226145 0.003605186631409
-17.734704584290931 422.821163893410414 -1.007071862301108 -6.312382548721648 4.621844860326819 -0.126353518845306
-22.878030593419915 427.141803080461557 -0.984005434649867 -4.079971060779502 4.026589364462411 0.039010907190309
-26.364381506441774 430.586381902530150 -0.971564245755516 -2.977126735452375 2.774100389275109 -0.009231448554709
-29.400962379106879 432.926530279091423 -0.954058656950300 -3.163747483401062 1.954150324627877 0.007816938849115
-32.885950658934242 434.902056601291918 -0.943434464129950 -3.588525364280896 2.040696242053350 -0.003892358896063
-36.253570928223738 437.085146912705341 -0.920032397271261 -2.963947357929117 2.164717423727617 0.000940850676712
-38.768307016422575 439.038320746864997 -0.902637964816566 -2.353412561527418 1.756267527808188 0.034679307085439
-41.525431647558392 440.569713148992832 -0.876503067834518 -3.455962649682931 1.201277850538481 0.042361799570752
-45.823969415303537 440.846209825547476 -0.864717110701989 -5.048659798921204 -1.026322392003492 0.040781511009813
-51.142411313178506 437.970511878122807 -0.858378380727357 -5.388270566021911 -4.629312124496127 -0.050569935903232
-56.482907681467545 431.918173146327888 -0.870503999948568 -5.289707842337768 -7.418671167920108 -0.047442323283096
-62.273535104447127 423.694722801036164 -0.837419870360934 -6.144983510638560 -8.855368103695504 0.018570319212297
-68.593597683917650 414.365051486720631 -0.847280365822476 -6.334569724349722 -9.681770378368979 -0.160750047047662
-74.727940537350705 404.643783865142950 -0.788775939074926 -5.875567806869439 -9.767282657640468 0.014059530292668
-80.282782297117649 394.845353798981648 -0.801569329292628 -5.254156773542300 -9.813073640728527 -0.001703640584403
-85.279494693694616 384.979287328766304 -0.798744781304617 -4.801089878102903 -9.980752495035388 0.019047165089795
-89.965873224777994 374.834243314277671 -0.761983684659161 -4.574085751940281 -10.328326551804178 0.044057788197493
-94.396222430332543 364.288256992828678 -0.726531676190405 -4.293675655419184 -10.768470658016858 0.062387791112308
-98.505525778471309 353.304809050129961 -0.704206790695590 -3.881531251459159 -11.224194954308796 -0.026426259878323
-102.147471050240057 341.836411000184171 -0.700874874915539 -3.388045378728696 -11.582850841603239 0.020655711036701
-105.223836957793921 330.184473411322017 -0.678834476125630 -2.836847336137590 -11.716734284489670 0.092177217135513
-107.842727519434206 318.403820402532233 -0.634212742946931 -2.358345904295034 -11.866389781300210 0.084040136895862
-109.937425267698359 306.578031679301205 -0.589797934388538 -1.901634520629961 -11.768771829460816 0.047354319778656
-111.680370623928724 294.836432852479106 -0.535351179853843 -1.554354451892401 -11.735668234616689 0.096001414805315
-112.971890850299516 283.117088773302896 -0.483760696178968 -1.036773507832624 -11.676915224923444 0.033330839956354
-113.717735720635346 271.524281521546982 -0.466821891059412 -0.526689463041389 -11.523074388699809 0.013375646736317
-114.004443493089127 259.996482350964754 -0.495187266444053 -0.030297368179435 -11.628233033051082 -0.050026837295376
-113.820423344159693 248.179241785721558 -0.467036669654962 0.466087664434056 -12.007555213175353 0.089187870798010
-113.091985245145935 236.248854491597228 -0.393040440694557 0.960465783889734 -11.841649059060209 0.052998245175660
-111.921291141509045 224.534115968702963 -0.346937873085602 1.343974567855954 -11.583371025507388 0.079473201310559
-110.312837309923296 212.995004486920891 -0.325968147548511 1.927226710308144 -11.546732160254038 -0.027166107818854
-108.140611876952377 201.380728270194169 -0.341195382621641 2.409276742581675 -11.719255984562320 -0.021407760962194
-105.418597357251784 189.580959594858086 -0.294795081263534 3.001141513664608 -11.881802405197865 0.039049154651416
-102.111610384678784 177.623964005540017 -0.247506505769128 3.640906549615257 -12.009655033069848 -0.015655259643464
-98.292267934244720 165.535381535474073 -0.209992562158339 3.983236681767255 -12.119158716978129 -0.001922420664977
-94.328771751369587 153.381815124214029 -0.207888836719765 3.833748721965172 -12.165765344948829 0.027142374640568
-90.534462656693321 141.287538716261054 -0.207231821588739 3.700673968262691 -12.071895429645707 0.090627338617438
-86.785505646394157 129.223680296783300 -0.135331198817250 3.820958089202466 -12.060444373891189 -0.008988629666806
-82.959620374547001 117.136317888434220 -0.100948949761744 3.816540521322787 -12.087655599761760 0.111135890985752
-79.152548286267844 105.134926141926783 -0.046841699077641 3.794659770963299 -11.956233847073262 0.030643286238460
-75.366988732336196 93.166221765300108 -0.003284699001518 3.797298451203629 -11.988626295442456 0.087912147544723
-71.524983214379816 81.144702211484912 0.003171797871366 3.873020027122576 -12.058179683059814 -0.074111789528016
-67.603966504593700 69.041970614199926 0.033642960232967 3.953576099545936 -12.152298960520787 0.103628925118567
-63.642849546588508 56.851075862874715 0.079993007568385 3.982450948224549 -12.180038182632588 0.033811630916031
-59.658464199247234 44.781578880099879 0.092143012582093 3.963939425827264 -11.951595617582649 -0.029590234874238
-55.825066018827506 32.947261198374029 0.069617326757240 3.731191932251780 -11.705509045211439 -0.072401477628162
-52.213961193582122 21.434036758397099 0.086942204281693 3.492461075409737 -11.148130439374231 -0.008421221871956
-48.858647141177045 10.929598014429164 0.088050184969652 3.218233004895959 -9.927770399839739 0.062071137966333
-45.839479557099231 1.965480477356976 0.149252969437744 2.845995688877600 -7.915081437129142 0.019789240796820
-42.818091107799603 -5.052889853946395 0.185455082516526 3.512198390044683 -6.189805481400684 0.047352123633022
-38.453625727544619 -10.134881807926313 0.213024349534200 5.215768933319833 -3.808038075892483 0.037066307209100
-32.689731735708435 -12.381450508950186 0.207471983614251 6.086073724068610 -0.686553699274024 -0.001534775532199
-26.626009352942788 -12.206243434477980 0.206183757378107 5.939790581327084 0.461610539963661 0.052865442439717
-21.058564290493177 -11.878376631027438 0.248827098801108 5.030755302964092 0.132315118423930 0.035922790841385
-16.789019115731257 -11.882459772063736 0.298893737860878 3.348330132845642 -0.093366351634593 0.028063359428261
-14.165452446799101 -11.974975995553656 0.322969122624596 2.323376881863263 -0.029574358122179 0.026616402018484
-11.814019302523956 -11.827774107545975 0.357586246143709 2.773994393470667 0.508974331697120 0.072040901540453
-8.574846096424086 -10.740399747522119 0.434713525642534 3.660799684023075 1.841402058121921 -0.001335026408305
-4.621823506845256 -7.646845236652451 0.437035126403232 3.982612133307104 4.507261075520978 -0.082112013569352
-0.796358164009210 -1.846786809759456 0.428931915399309 3.720481932798206 6.913468836167242 -0.025767314649491
3.277681764329153 5.774269234826897 0.444624825494332 4.353134451109170 8.196718224970491 0.058169365956735
7.751473592415867 14.524710418963997 0.458585107889688 4.541768606230095 9.272815831967472 -0.061519496060498
12.363945994537634 24.027113774729120 0.474575865883759 4.689296717631812 9.683049652866879 0.023192551898302
17.193302788224166 33.792991916431063 0.443363623109643 4.996483111899345 9.833946292957048 -0.052112834377743
22.329254852652536 43.781536460030154 0.442632137780669 5.222339908356457 10.144767380787622 -0.156890997296051
27.610393968051063 54.035468182693691 0.453029567729501 5.269521778220152 10.239512475649292 -0.064021039157483
32.858996960988613 64.126769078291346 0.537004408785740 5.180348856710023 9.947390396170901 0.002361512768656
