7 24.542939448745560 49.999988924999855 0.197178737399922 2.808532387925393 8.765326836022986 0.058957384688501 18
8 28.206010796175470 55.803362934502168 0.181061303749706 0.613060920091721 7.508510151921179 0.141315650526561 21
9 39.831419157683946 57.081059981042749 0.291401582180457 -0.472261011268690 1.906528116733308 -0.022732589639217 24
10 33.031539431775222 64.672641963288754 0.407860948277446 3.700737230435401 4.486262348057067 -0.082402232371761 27
11 33.364717661040430 70.574033590408547 0.267491594910461 5.522820654822905 2.061877743495968 0.033598849168809 30
12 40.013993348978602 67.175504722208984 0.251464625334318 5.033890292958189 0.157622458842100 0.134768705901852 33
13 44.565133822560327 68.549647353719564 0.330831049557160 5.337698997126230 -2.227268888982223 0.027067428431010 36
14 48.815551192348522 62.937334262235751 0.167462350232638 5.583395249151625 -3.126543096619381 -0.001113887054118 39
15 55.012562434795484 59.399525474325038 0.213053318676807 6.925654041757120 -3.607922462069182 -0.049432011501756 42
16 61.925942572843532 55.877553487160633 0.138917413273922 7.035020782056227 -3.512967600053858 0.052443638082597 45
17 68.975521047440708 52.620929853454690 0.207997987952739 6.602567485833580 -3.854270544108075 0.013481944424130 48
18 74.985431238475797 48.183064245533700 0.244136359299230 5.551092013122819 -4.515929817594316 0.050785404145767 51
19 80.334537076507985 44.271569184972634 0.336151240839383 4.448642784852272 -3.757221772020098 -0.027373746668177 54
20 84.484210917136892 41.297432787497932 0.325170178776015 4.705320140514498 -1.675303265567215 0.087362224097751 57
21 88.386839406526519 37.576506819611907 0.254322176249882 5.597588268693871 0.517868307223371 -0.034313578506789 60
22 93.075801473692451 41.953626741729664 0.453787228011462 4.803703427157008 3.993066611813517 -0.162071153371209 63
23 96.670672352246257 45.415200749242210 0.157317684691038 3.689582143376751 4.035593427043164 -0.119027878118494 66
24 100.354084299242160 50.647667661506716 0.363890873645923 4.675507601480223 4.702580214264376 -0.109736330322631 69
25 105.567823747510261 55.554967661355008 0.289384963766598 5.368351890751804 5.496501975141060 0.008682634559600 72
26 110.990584618705213 61.540678258547004 0.380929672135930 5.717547594981179 6.023803355945555 0.029248455914214 74
27 116.735495379874081 67.557249423498064 0.391580418545590 5.830657402066991 5.804150508204658 -0.083709563557910 77
28 122.514736327375942 73.273734564859424 0.388561225886996 5.618893721137961 5.742574722900245 0.065763620737423 81
29 128.134251872574680 78.843960901354407 0.422139491242341 5.369265164579235 5.653157841315348 0.032101385696594 84
30 133.026576150349541 84.870701103732785 0.414829400050134 4.923411187712341 6.195722049161358 0.013107200133741 87
31 138.214525356111551 90.938902184895269 0.424240946094325 4.648068298656325 6.510737505132564 -0.091921417594780 90
32 142.033032501706714 97.926873071161566 0.245877730496209 4.277037986814694 6.729715131304429 0.011502198403069 93
33 146.566826927161401 104.622309065589647 0.340101712823484 3.995266620274899 7.126443513489228 -0.093272689550477 96
34 149.837413875622332 112.202669745139517 -0.043902964432957 3.891040413871507 7.205942785108661 -0.118987104873741 99
35 153.657560352764534 119.396472144620020 0.095960266512733 3.684030664676489 7.121504701575887 -0.026003145881532 102
36 156.821103533227330 126.154040732191362 -0.001650943975671 3.407210306696256 6.590547635283889 0.407957446825589 105
37 159.898095876961008 132.711849447732959 0.589052016784315 3.196033806192487 6.264593737737595 1.138060128984153 108
38 162.867114106181390 137.996400255704032 1.029985835664971 2.911928842042404 5.800798148299389 1.030628089248205 111
39 165.737224017846472 143.804254563084243 2.107898832736081 2.380942915445251 6.068968314701269 0.878310457318584 114
40 168.891823648554379 149.222559662775836 1.350951318398888 2.179157704253877 5.933735642322774 0.694579187866131 116
41 170.688932621927563 154.936051866006096 2.096235461670183 1.435063739769342 5.263425053862305 0.722811673603346 120
42 173.917268805877058 159.158964758157566 1.283253523022520 0.329246770850689 4.263219014196386 0.311781329991420 123
43 174.834331374694557 163.375653606568136 1.638515734222369 -2.031386044125332 4.498429939326383 0.399164605945095 126
44 173.973252042669287 167.216772745468461 0.950174218609258 -4.143360011860625 3.634933258749976 -0.249627279745582 129
45 170.026213899354872 171.319826689300044 0.508085036614120 -6.057463777351136 3.025262026984605 -0.345360708834488 132
46 165.006284545513211 172.087849724424245 -0.032070510136331 -6.903318243379426 2.356752047989659 -0.344802578389085 135
47 157.033202082546865 174.428832414403530 -0.407746073741688 -8.676313384753211 3.109023280762535 -0.407656884891721 138
48 151.051359701094356 178.946957009935659 -0.492753323488819 -8.254911252331947 3.362386846411815 -0.431889262586678 141
49 142.797161841565924 182.239695364410153 -1.150161657907918 -8.194287960367804 3.160160956249151 -0.428402943919533 144
50 136.854021473963655 186.694200762151837 -1.030847966078453 -7.338412114505362 3.558106095469899 -0.418657766096381 147
51 129.712951845465028 190.310907070543607 -1.549509982096239 -7.175357414299608 3.218873957423035 -0.490944681947433 150
52 123.904455185326114 193.790460096672945 -1.305122221471128 -6.020331442479659 2.928902431038953 -0.454497148973647 153
53 118.454627403612051 196.395420141865316 -1.787977511945376 -4.633106561635927 2.690725524147261 -0.486769054881008 156
54 115.090072738993825 198.731608641762250 -1.370538763120185 -2.971232971702070 2.310370915131849 -0.404865270357592 159
55 112.948953365151766 200.537281047616148 -1.809614202461962 -1.033427864859021 1.446775514830101 -0.357399962081493 162
56 112.740413396660799 200.741086891128219 -1.314886791069180 0.167909313790380 0.557234340432263 -0.268186103821994 165
57 112.896870019741385 201.367769828419426 -1.612527135268896 0.044857099592709 0.771344239342847 -0.324360908096613 168
58 112.386056883841164 201.276358165932578 -1.215896992677128 -1.006650001559610 1.277125010765650 -0.274286348505261 171
59 110.493111949244565 202.945777572125934 -1.465265944877215 -2.150888218868686 2.398603735775945 -0.299190338566652 174
60 108.156027016928007 204.922210524543260 -1.054588110124915 -2.113746583555099 4.256727996936032 -0.251034199975888 177
61 104.909043636754987 209.459632224345768 -1.512760145265604 -0.530600449942697 7.008645311236047 -0.479107298828251 180
62 109.302577302874411 215.054008745800786 -1.120491211789546 2.706499558717024 6.939969998145961 -0.264092148338773 183
63 112.913877748454098 222.035087991445948 -1.373629229021442 3.179741931000517 7.710239482906839 -0.368921695281776 186
64 117.481385174973354 228.818840504937270 -1.161459570152561 3.803492559220574 8.468260799034141 -0.285870877719129 189
65 121.461934363834487 237.793889751270683 -1.296701694245626 4.093299527732455 9.434886098502366 -0.245802297905406 192
66 126.807621819843391 246.129162413943419 -1.048840681311785 4.217786622798823 9.454935569008244 -0.036642791720415 195
67 130.863425828099366 255.509473040331727 -1.121881051035813 3.950462593003382 9.283998529793900 -0.048822281145113 198
68 135.962863724623276 263.706361380568524 -0.971440225641576 4.131818806171338 8.959758709640846 -0.050183667979171 201
69 140.097329569804742 272.857611453902734 -0.965696913286579 4.275851870491066 9.302426679989466 -0.097224411692123 204
70 145.519394279137344 281.572391067598744 -0.859103446509365 4.570882764335852 9.235722568675373 -0.090208945747889 207
71 149.981850007145681 290.755092500141814 -1.007363038075901 4.363712632912119 8.998400211164403 -0.055938819511221 210
72 154.815196625448692 299.053841496913833 -0.807308971740642 3.970325927147632 8.218626628038367 -0.025486236776842 213
73 158.401829004617781 306.772761355509545 -0.793028100971507 3.355594348200801 6.925740910753255 0.039365881038220 216
74 161.775868806717085 312.412293121017115 -0.699732388140572 2.555193329799432 4.952097396422197 0.119713363576135 219
75 164.160149251193133 316.437082051614595 -0.619311460038512 1.402094668883612 3.943338981380047 0.156303517684825 222
76 165.354379412489834 320.235903660211648 -0.426795789470127 -0.233878014109889 4.597163389072134 0.102693751516514 225
77 166.688788835378688 325.214855618575029 -0.460376275211057 -2.373668695043385 5.508458265257197 -0.030478606647228 228
78 160.584960379548846 328.319274686148106 -0.396507251551443 -5.888707199188014 3.746131370959064 0.220576923720912 231
79 154.400983299448569 330.689886431840193 -0.350195422716776 -5.797589820958527 3.188047165276129 0.160955092237935 234
80 147.153333574285881 333.639773094539976 -0.188638213812677 -6.957571346728458 4.112063752716008 0.161405501137881 203
81 140.031407183851570 338.013059669245706 -0.053185093047753 -7.161482419273164 4.572584323481313 0.139127751608312 239
82 131.903385818552152 342.004997825766509 -0.221189460737502 -7.230299401616233 4.213337848723617 0.106651114427669 243
83 124.816510264045917 346.180982963774625 -0.224545870147683 -6.992666702830899 4.087930283253604 0.041830935001450 246
84 116.568054462935123 349.586405402277421 -0.264708044296997 -6.845399778982024 4.321001924906553 0.036796600801730 249
85 109.972407589135102 353.795161107257456 -0.187058733340034 -5.870595453710960 4.185189987697233 0.082927023560874 252
86 103.991282626630763 357.065929189703866 -0.214876445460594 -4.590577451393842 2.841496113470014 0.059581438860504 255
87 99.611433543868259 360.044522467504805 -0.224464984948310 -4.594515982093062 2.568749323679325 0.127978330442350 258
88 93.480536084909247 362.014275522046489 -0.100200401190782 -5.500659087482391 2.665268294602496 0.164492134169222 261
89 87.345655737043074 364.837766775769580 0.178069614811566 -6.609329834590381 3.433920013928790 0.120272596445582 264
90 79.212301439931295 368.506381421453511 -0.399927309365560 -7.736604271511377 4.419156951187835 0.096594631308636 267
91 71.217687243187882 373.162499639288797 0.105190187208419 -8.009978036743036 4.909615520751058 0.107606496815088 270
92 62.652624185089323 378.030904019931995 -0.148047408746898 -8.169373078848539 4.459352066205263 0.010193742412665 273
93 54.619571101054575 382.581014976015751 -0.106949006278967 -8.058865172983589 4.207142588981031 -0.018998733452476 276
94 46.098739588497899 386.314058154940199 -0.128466913320874 -7.928036719700025 3.976873641931860 -0.042404922541248 279
95 38.402002127940534 390.130038302746016 -0.139673798920059 -7.193587262121459 3.704360626485149 -0.023628630356401 170
96 31.901890733648965 393.454763264875339 -0.246016777677089 -5.596638451409215 2.768420033548078 -0.071218024588422 131
97 27.040279278724903 396.248055857357656 -0.231895483422461 -4.815243065021194 1.791772618304704 0.022418140543515 134
98 22.233557163649277 397.467603046513943 -0.240623274832549 -5.749682113597923 -0.662328378966607 0.002162959694978 290
99 16.028688338783851 398.593271297475781 -0.169462365846679 -6.359281171567893 -3.769786605209569 -0.043304827161351 294
100 13.314003962605240 390.768967852745675 -0.460778041781166 -3.932488191054679 -6.170993397357345 -0.196190026703954 297
101 9.960575447700499 384.077536264033654 -0.417632116971161 -3.652460413640261 -6.978184553867927 0.028772353807974 269
102 7.268414419312372 376.210828430851052 -0.405530894397436 -3.768591137518751 -8.046763187309431 0.045554812778266 302
103 3.559676952258726 367.960846021299460 -0.279601276298431 -4.073242572750361 -8.120085594709156 -0.133322482051171 306
104 -0.413726220852361 359.937376851933266 -0.514012316493249 -4.239413441903181 -8.119421123923301 -0.062471825085420 308
105 -4.741962010168114 351.837405532645334 -0.629195251836087 -4.321482043202626 -8.032096067053521 -0.090750076094599 311
106 -8.816644099243760 343.792050073698988 -0.629292618949954 -4.283456388282319 -7.807768325379768 -0.082000743487033 161
107 -13.237178552361918 336.081557393468131 -0.640325213305005 -4.155568716432393 -7.888739713354883 -0.065167606899331 317
108 -17.217980651792569 327.918056147302309 -0.594119350693219 -4.182145666689951 -8.182237142667510 -0.030976322606341 320
109 -21.417748178152742 319.599638489819426 -0.695969821016148 -4.446596411912528 -8.274175626066219 -0.074784493964810 323
110 -25.853001663026067 311.223295734744909 -0.760336652227063 -4.198541044982398 -8.492744314797404 -0.063802380882426 326
111 -30.127557586723302 302.687075102972244 -0.799982380448659 -4.166889408667942 -8.556366823339477 -0.128233940046767 329
112 -34.189688953916630 294.089794707253134 -0.792087007101509 -4.154508869676796 -8.187563928173553 0.012024104031562 332
113 -38.126719912249904 286.356605297537840 -0.786244963227919 -3.621758473426930 -7.241584773972725 -0.060925804412895 336
114 -41.677432536758367 279.685262497869189 -0.693012467023262 -3.258189323666676 -5.750175030217476 -0.037630876622845 338
115 -44.572592130731380 274.934177932355453 -0.740127183385010 -1.985631455185240 -4.026076475763066 -0.004873437327459 341
116 -46.347383037960007 271.205211156714142 -0.732123810557959 -0.241981998963491 -4.263996575652112 -0.035596833717536 344
117 -48.004111988655012 266.474737531950041 -0.732506517662197 1.311691748200930 -5.750050231773395 -0.112875442045618 348
118 -43.190490815662010 261.868843694471821 -0.913078067213333 5.638515501618363 -5.420592933491260 -0.057168849877700 351
119 -37.307361948078999 257.619620945243753 -1.101593352070618 6.438865235023878 -3.843535179669375 -0.197327301734903 354
120 -29.733089643273523 254.734088462474887 -1.058242409861850 7.209004406629608 -3.950845600575499 -0.089411351361997 356
121 -22.225800261307061 250.498875038128972 -1.056100312706311 7.802023064510610 -4.127151563459554 -0.075464144827774 359
122 -14.538730850773913 246.459779451969496 -1.167886901733521 7.923374182913952 -3.695043053958659 -0.071566562479751 362
123 -6.751392780366799 242.992749764824737 -1.383957050811988 7.298108609855066 -3.591755923988295 -0.014973883330678 365
124 -0.428073742120806 239.760639442604798 -1.224055852069223 5.485531783284555 -3.185754768123644 0.047712397818796 369
125 4.788055465854211 236.868240003034117 -1.171047829474266 4.902162062025723 -3.082857739264429 0.078611972049738 206
126 9.293499687431083 233.852208703548740 -1.200295108384823 4.916041206051681 -2.394352721196498 -0.003786378241666 374
127 13.762649988727713 230.525469958194520 -1.154260441566066 5.699755458744501 -0.636283286533713 -0.055972878740523 377
128 19.303852803846226 232.562448973272069 -1.306527965826776 5.675717589663113 2.722971952546401 -0.068642320237879 381
129 24.504243111591016 234.542810365851722 -1.184097183557616 3.948940627633932 4.060320124631279 0.078752890935552 384
130 26.260889178296683 240.403168318484745 -1.255268828117335 3.234752658060561 3.242530020914716 0.034441763082624 386
131 28.587808444794923 244.135456568187351 -1.236124158451024 4.526879242721529 1.242835680117939 0.078758447850557 389
132 33.171747574937712 243.621888853726944 -1.297590881586252 4.742140261509749 -0.954486430951178 0.022864898064432 392
133 37.790134498021430 242.573783248814834 -1.531644244966962 4.940520743302533 -1.968375187585911 -0.041205830491580 395
134 42.895482876332423 238.763235664294143 -1.510126883017994 5.956797256373225 -2.935653316531678 -0.092388229788111 398
135 49.377711852246918 235.564879413980265 -1.562593801955588 6.770221305764492 -3.558176266063940 -0.057552160019440 114
136 56.783762597551963 231.558509691892993 -1.763468484584047 7.395181815454452 -3.975780914530475 -0.012861096346328 404
137 64.170887936502851 227.521348330940356 -1.780559948418272 7.485725623230194 -3.697334647540224 0.011197294139622 407
138 71.829070621893791 223.868108629594047 -1.720753649590247 7.214645011116811 -3.523630861996621 -0.110912277825156 212
139 78.893994023790469 220.416860418285353 -1.801020693315617 6.954394962329899 -3.270645158215416 -0.005040994335835 236
140 85.407313525996827 217.300930370173774 -1.750905178167263 6.136933767678895 -2.774072998780840 -0.021962351212685 132
141 91.254601008688766 214.744666534589868 -1.787145466873252 5.183434931017092 -2.441559870151201 -0.013884456470950 419
142 95.439845391897691 212.580722698041512 -1.817801312221419 3.473735556327902 -2.050206850312587 -0.053381801721233 320
143 98.371012814790689 211.150635539574012 -1.836477120493274 1.950908961662031 -1.410044215201468 -0.054914130045546 236
144 99.455611751431505 209.739098650269142 -1.844027706090261 1.137935449477183 -1.126260989425830 -0.058969310961766 320
145 101.102036812866928 208.581418526374506 -1.946099681705243 1.895874623031734 -2.071897779152039 -0.067089456244897 218
146 102.503108941050371 204.966622450738498 -1.824599317128484 1.329499119763086 -4.877078380351389 -0.063455290085089 434
147 104.125665384156264 199.608184157012403 -1.708037052326650 -1.410609960525313 -7.114601777089826 0.054461402251682 308
148 98.333134281205062 192.936094531863660 -1.628954535841077 -3.846920879315047 -7.145712291739595 0.002168839545824 311
149 93.672965197346755 185.353736402373841 -1.708833143051362 -4.583505915443421 -8.431050655770616 0.034545930660328 329
150 88.611028726477315 176.186086307605080 -1.544963936950211 -4.841200510941878 -9.602765192184338 0.072428790093562 338
151 83.742001890779434 166.316047702075480 -1.463942689955556 -4.946851989030543 -10.101023435405164 0.086469600144637 323
152 78.539778779559626 155.977118841296488 -1.334690390211353 -5.367852109048357 -10.494214175457193 -0.025773974929803 341
153 73.061762230506119 145.188690705472567 -1.404192095777958 -5.723603895172134 -10.975623705255259 0.067025060391739 194
154 66.975068931516091 134.306349889134509 -1.283042754869649 -5.870981321462412 -11.186709906660136 0.100928990354605 203
155 61.082405384785261 123.121851817858044 -1.127698112574848 -5.748370835719665 -11.183313404105030 0.094314398007149 188
156 55.362659588705867 111.963015854400396 -1.075088737386390 -5.546950848698528 -11.013498999589729 -0.018081046112317 143
157 50.016169925177898 101.239914885174429 -1.142315778408237 -5.083030100742910 -10.176285310768085 0.093431985526218 308
158 45.156400585958373 91.911103665331154 -0.885520030502650 -4.433121209487144 -8.496152440877406 0.169142768692168 276
159 41.291964342807638 84.408662428738893 -0.640486361651331 -3.421403508727223 -6.460649868006650 0.087518865622313 206
160 38.212796939592273 78.892058487925993 -0.583047829349173 -0.885196694367540 -5.796236831445960 0.138206392385924 282
161 35.575125596153967 73.552555804548788 -0.330086803812859 1.216265579752909 -6.073514586615092 0.216702663474426 285
162 39.742790354130726 68.879685369944795 -0.500900580626214 4.644779579258536 -4.684665904269688 -0.000664032490260 482
163 43.987956042510852 65.044403630155571 -0.434853291681405 4.915430430222703 -3.349831637856947 0.185048414260004 485
164 50.319806492888766 62.892018345634227 -0.385056117435262 5.885049049643655 -3.759192359386077 0.096543329702574 294
165 56.669257066816165 58.440713704937494 -0.314221165095121 7.403784549886367 -4.066565655582840 0.042505417915478 100
166 64.452937728859638 55.246155817046159 -0.378040015592817 7.427072916546591 -3.869383373262282 0.142021536213336 300
167 72.005877010280045 51.779075764276250 -0.211186436971550 6.870452521987381 -4.693110390185199 0.112033027084138 56
168 78.337612746436591 46.224847123452200 -0.337118476434652 7.156091503360070 -4.975538854671433 0.085500856088359 219
169 85.812830651899546 41.748280964117782 -0.307131053602070 6.704749915258310 -5.490620313130022 0.181896490315142 200
170 91.655111865665603 35.508379950166351 -0.220634673693699 5.450548400868932 -6.953959965003329 0.113067210088078 392
171 96.876177640615367 28.521775414318231 -0.309040242157081 5.460253146365961 -6.997502328119871 0.007940746258911 395
172 102.333778241373096 21.055103205584267 -0.511604321692690 5.008677554155843 -8.260665487828014 0.125158012473942 359
173 107.218704441814140 12.814649916129024 -0.334192425224352 4.797133146412785 -8.147653765037505 0.034130451504126 362
174 111.754260374243501 4.688267461676546 -0.414098737803881 3.401148485961540 -8.648116881831820 0.010134439385677 356
175 114.851906555589380 -3.641991547065288 -0.376003965470983 2.530298310716256 -7.902375017292375 0.033203272867590 359
176 116.774988382019913 -10.523745083000618 -0.393457970865759 2.454413760180114 -6.116213540173791 -0.003125527944658 243
177 119.338502639930056 -16.504522423264053 -0.405860214947318 2.111316331928658 -6.271871374026007 -0.066823688995505 181
178 121.461557800245217 -23.168131225033576 -0.401794594855750 2.621433849993124 -6.899212689402976 -0.189499330812772 184
179 124.278240611732627 -30.534954943900367 -0.636610793321917 3.187155813843813 -7.791839730992827 -0.069738922204440 174
180 128.216660863995202 -38.629118193536570 -0.532071410909108 3.551077028191794 -8.658593779680386 -0.054427843706812 158
181 131.574598054618662 -47.341452347603969 -0.745860934035230 3.552324034334159 -8.576286174905693 -0.093607548675035 345
182 135.506846747696670 -55.681078124034812 -0.773320372310472 3.540750041271516 -8.382940125171269 -0.166060050687173 155
183 138.972102040271750 -63.915499835383308 -0.904131946378189 3.350765307060775 -7.909327432534747 -0.010236308681488 90
184 141.959982223630078 -71.001861539957289 -0.764145577117860 2.304874702886666 -6.349229630671234 -0.098336624562257 143
185 143.232607733647484 -76.836251576128532 -0.772046643991323 2.915685440418867 -4.823053617529124 -0.048353946033642 96
186 147.059886044198436 -81.055882299568196 -0.641384153202660 5.365291735473519 -4.010266111077421 0.052405758113380 248
187 152.463347440836714 -84.378809295183174 -0.630608910284508 5.621971046526476 -3.462260634186356 0.004648802670034 248
188 158.674038529739619 -87.203162108408833 -0.699927377355114 5.874553281887275 -4.019817840551183 -0.032387404799151 143
189 164.635789622120853 -91.489436784803900 -0.587351294158980 6.197523976351472 -4.231263707370056 0.017764433890136 176
190 170.797105211098312 -95.763190300059861 -0.748193159478038 6.403907846859396 -4.427000340697140 -0.034316182383559 296
191 177.407365670724687 -100.329196470693105 -0.632422149121533 6.679190611882526 -4.770801111708845 0.003872375957586 114
192 183.887367263961920 -105.173748757167829 -0.631945089913983 6.811698642726940 -4.640135643748585 0.132162958001143 144
193 190.789633863593934 -109.832077774253534 -0.746701863955598 6.926515378126082 -4.873637381580597 -0.074370089198768 169
194 197.697644125784279 -114.796346977352187 -0.672173237710198 7.126701962419761 -5.036422890292467 0.016167411944970 157
195 204.856050879538913 -119.766806599642265 -0.787706036919458 7.007502582068698 -5.078829715111132 -0.058960736662395 308
196 211.561711056171532 -124.844028079154441 -0.676364847730105 6.836715362088951 -4.760772782002929 -0.077691460558136 197
197 218.150702552846383 -129.482411782633164 -0.611055386809357 6.302963598690510 -4.241032831241577 0.048493872364594 156
198 223.709858236164166 -133.180710809269016 -0.583657437755432 5.145797724432363 -3.702453272771830 0.072528497893180 149
199 228.301394663265114 -136.310491526620837 -0.478089739049273 3.647369552535932 -2.938026149767837 0.017939836264346 138
200 230.966087301343293 -139.282216692190246 -0.479634917742319 2.051668825185621 -1.695066172282190 -0.057993452303454 237
201 232.545774226271504 -140.911445316369253 -0.523257150384006 2.119166504189397 -0.761723190173850 -0.010636493539015 329
202 235.116258191612388 -141.906430272882147 -0.481830407542964 3.403523270154585 -0.093355498313276 -0.071348358186911 408
203 238.895535325648495 -142.213021124696638 -0.753557207014915 4.644447304509651 2.103999201477300 -0.450427475051315 443
204 242.696086089480758 -137.716376946184766 -0.900697081003803 4.496961400047537 4.591731865556919 -0.631134956285406 338
205 247.127895156542877 -132.181930144458363 -1.565886066577654 4.674352235227214 6.379801065859484 -0.619238921109255 341
206 251.424654392009757 -124.473373669619519 -1.256788191311052 5.434613337380744 7.254362569242650 -0.495655171257896 203
207 257.150314672849220 -117.024020290864982 -1.812848913092718 6.002671293485792 7.589083667241931 -0.365553949113923 186
208 262.811651364276770 -108.897738761757466 -1.262166931252403 6.090834686843834 7.792827348920115 -0.344518122988697 233
209 268.892009842882146 -101.054738194724592 -1.609719749647029 6.450319841823037 7.676213513006691 -0.267637734415541 350
210 274.425418143064917 -92.780312133704797 -1.327666660584858 6.239860380022120 7.836407495820779 -0.013337931808738 626
211 280.727965853597368 -84.951156324238397 -1.137005623830127 6.431438570825095 7.698411736668639 -0.079933244033748 435
212 285.616450466277684 -76.581546083253912 -0.911003438815593 6.366051143238898 7.711841525780367 0.221338625805612 438
213 292.009018929886111 -68.804099419612470 -0.681049885714435 6.882928564121340 7.346516033939759 0.129556461732256 476
214 297.424224306453311 -61.418031300058033 -0.619157768160772 6.638128262197243 6.911167757616214 0.156005965989675 444
215 304.197459078784448 -54.853720135444469 -0.251966071591451 6.222676141645556 6.644003945290066 0.168586906295068 447
216 308.203257316305610 -48.045197037107343 -0.357459136941832 5.480558889698011 5.554610844205859 0.174165680294159 299
217 313.024102027483991 -43.025331446677662 -0.124465749115650 4.766239666705352 3.749298694514844 0.370173716029234 459
218 316.422853871991890 -39.671852766067367 -0.138887717251495 3.682111546938069 3.667783399059510 0.290487204288144 650
219 321.049224424603040 -36.781284241015953 0.015760114693664 2.529832397497859 5.211483928162245 0.466587106132593 653
220 319.356147501525300 -30.110583344376746 0.035672028891077 -0.774711016089074 6.858841962575157 0.613493554012802 656
221 318.717732704425600 -23.507028212959657 0.688330545749722 -3.261273106027118 6.430366587076835 0.810247364410071 660
222 311.725615453797047 -17.974986576246195 0.692264247973525 -3.847736781526179 6.081698241030590 0.699120940191617 662
223 307.635751244242783 -11.789751868481014 1.514746724237167 -4.121913148247871 6.206595223949620 0.669807611376151 666
224 302.398620014305493 -3.349287397347840 1.231721864890258 -3.735270659158950 6.308451696434739 0.678449815849589 669
225 298.804780990984852 2.600327654385158 1.805047682295720 -3.648013644520144 5.643203585971556 0.539161122270517 672
226 294.303265528655402 12.568465856236347 1.185166595877094 -4.882699229152264 5.805555770088908 0.248770490906734 674
227 289.226556321432952 18.060590395343809 1.457347934031842 -5.549106018813333 4.876770694147659 0.218054162014910 677
228 283.791866125257798 27.820980309048672 0.900120522279614 -5.421102569055085 5.178181370896143 0.165222570427537 680
229 278.252885847733410 32.351009622675761 0.977772559833790 -5.537951318271539 3.844278597758646 0.027814783183895 683
230 274.504753376476572 41.669859028724346 0.574298693050604 -5.266023378882101 3.313000370310994 -0.028179844531069 687
231 269.372872897375089 43.611600804968504 0.455223504701082 -4.733243939742395 1.114960237035045 -0.096677724082536 689
232 268.548748137927475 49.850392633698398 0.313688654285000 -3.074228975570759 0.200163074324679 -0.254132880834669 692
233 265.489830587359506 49.332271082369346 0.083507535931485 -3.112146269137916 -0.201351606236018 -0.192850864637149 350
234 266.426329907820389 55.745151557794181 0.145399806009370 -2.721684615831649 2.976184495847722 -0.168298302760025 698
235 263.469476521432455 59.702775369979882 0.133875594472327 -3.707275254367859 4.682918072996628 -0.241319325868445 702
236 261.842511906511561 68.143257630992920 -0.237807836947900 -4.362598609183746 6.506224196443185 -0.454272474031334 705
237 257.117675142760561 74.720988676071642 -0.776380335034695 -4.856859155152244 7.067583658798000 -0.184972668658032 707
238 254.142513070026524 82.790198935658310 -0.184785815166091 -4.435494478980700 7.246611503519152 -0.069537564978810 710
239 249.859770618525516 89.756506004886006 -0.340245229658728 -4.218597820883556 6.647379248850239 0.051535732621821 380
240 247.024337009608672 96.382682522731074 -0.077612530288182 -3.317112215358025 4.838168410960416 -0.107876621013822 383
241 244.528876864768250 100.908782572319978 -0.235054782284083 -3.809017861331326 3.272452361748202 -0.037651788830280 719
242 240.133166350361734 104.518432604972432 0.004903528761556 -5.454945392533289 2.486121411747368 -0.041627959290590 722
243 234.325161508913595 106.632533975509773 -0.252081854396309 -6.365653208261977 2.552206460448187 -0.273782717628703 725
244 227.015632358118097 110.198056758835293 -0.203693082639130 -7.695865182470274 3.491330209591906 -0.069576743605441 395
245 218.746170346058022 113.992209702509854 -0.335568368852159 -8.716428089246223 4.121014953674266 0.051970280037124 731
246 210.083219341076870 119.353841985330249 0.020969631458806 -8.957198389101375 4.184487650447104 0.003536654528228 734
247 201.162318466921306 123.357800722601695 -0.186199023082197 -8.783545929489799 4.008339289401873 -0.053553852984681 737
248 192.940198572887795 127.993507565485231 0.065439810410152 -8.598276927272362 4.075949241664965 0.049597190455945 191
249 184.541340108577089 132.015301296963770 0.202972776048499 -8.211947217773782 3.454385223214206 -0.018953941847693 452
250 178.194384355464024 135.209450962098970 0.325011821948367 -6.487466965788078 2.816830853123951 0.014151638015957 746
251 171.627198849990663 136.801061924116993 0.321742038294247 -5.546092572722561 3.683833407385559 -0.108167910425090 749
252 168.969719963465820 142.079989483839768 0.381308531282153 -3.353981908747065 6.670495548201853 -0.106908369551211 752
253 164.226107551580867 147.511410183929200 0.131002709050579 -0.477336858049336 7.821833038703107 0.105510287777517 755
254 170.800797250276844 155.384566607431196 0.383362429731124 2.927634688106250 7.117027635951837 0.128432208244270 395
255 174.465349274233546 162.073081893216710 0.279501598364456 3.126543750275277 7.193372796473618 0.054918995039628 431
256 179.709839855070101 169.496305162690135 0.519748073925005 3.782320918967795 8.241123680965266 -0.120663359486879 527
257 183.664826213191759 178.265887596568604 0.388606601075131 4.400733833555634 9.284407366991351 -0.154452083488185 311
258 189.255159280025850 187.122158744832632 0.490907343905006 4.900295957436133 9.925723057483514 -0.036917088271402 440
259 194.219459621542057 197.135057873570474 0.325229068733418 4.922482738201748 10.199083154527450 0.048135561897421 302
260 198.933283597664342 205.760690029650902 0.538494302167964 4.893907611767063 9.917884461744157 -0.044145207848132 776
261 203.874026857266472 215.729163547956517 0.482910307098427 4.871261030763824 10.079225636710435 -0.032196965983853 780
262 208.074839668661099 223.676317115252203 0.330988652355982 4.454809834909621 9.876186683135712 0.002481115962086 783
263 212.684351615459860 233.648171505550550 0.445337218078183 4.230092969179114 10.364793401265624 -0.043624843239932 407
264 215.677394006522889 241.644729621153289 0.212526260438715 4.540000204941257 9.844063809917914 -0.250062440425918 788
265 220.234240038839630 251.744765264517980 0.033167367597269 5.117580218857503 10.062510099555380 -0.113775307470120 347
266 224.836924020296266 258.906499756750236 0.016191984540799 4.969570836498475 9.384975323532025 -0.122377093254816 455
267 229.408343989304683 268.042538727097451 -0.031437863304312 4.649500092739565 8.599947835467493 -0.054362050088632 377
268 232.855515273632818 273.319554546731240 -0.161011971005200 4.014590073072946 6.482251179060400 -0.062413209274207 467
269 237.037359717128680 279.597377676151268 -0.156550740133908 3.683826987874220 6.508997633413049 -0.077766679743457 269
270 239.385212747173597 284.695748119435848 -0.286948476393859 3.353903364683998 7.554276945603304 -0.089026229289903 422
271 242.413475559596918 293.152238563744788 -0.262276240282606 4.439361206495521 8.725125677010045 -0.171295007856218 386
272 246.699251240468925 300.272040717311540 -0.365601833508126 5.542780605088515 9.183512244731578 -0.139990699783317 527
273 252.796854494035216 309.605581601789424 -0.436591901984990 5.599413061578244 9.842745089223705 -0.043979238049233 359
274 256.718964317933057 318.046308126203712 -0.315254600471432 5.147599966547953 9.520137517219050 -0.006698535605749 485
275 261.815843651304306 327.469982522607609 -0.391561962383395 5.162470066124592 9.211136035846284 0.057882328773947 821
276 265.419340850547826 334.711072782627127 -0.175416151488048 4.075435658089765 7.884541326888401 0.028902664832379 824
277 269.535068183224382 341.815413625941574 -0.218739032453471 3.006751563438954 6.846196825815179 0.077007672031986 293
278 270.227803978002953 346.908308775570219 -0.051860432281799 2.667253963259547 4.741673002657226 -0.008420781454851 428
279 271.725295338899116 352.113604802210034 0.025496627938898 4.201171325066065 3.447309560110252 0.270811946732987 302
280 276.242117174019597 352.251116888631486 0.164764501107542 5.226570525505212 0.759810998787238 0.320071185812411 836
281 281.107742939945126 353.408901027832258 0.474150019561631 5.197895212021496 -0.518699845356637 0.518073461111466 840
282 286.439568645387169 347.409384202299805 0.502046316604099 5.652780660156402 -1.376801182079785 0.366342224527623 842
283 292.471797697016996 346.019441144962741 0.977836331055329 6.508332579840572 -1.332128988302420 0.440111404708274 845
284 300.588088308372278 340.657515373887406 0.512805807494276 7.168088200381179 -2.397825282069119 0.274386673632383 848
285 307.734278684568039 338.302826851461987 0.782781436355693 7.086657822149162 -2.327956425317472 0.384458457123358 341
286 316.735575665366696 331.900452823978128 0.452420626692947 7.154132026100324 -3.333119355167697 0.175590234094552 524
287 323.634376894715047 328.678342951667446 0.646516135431593 6.530132988798576 -3.207872644969583 0.130668546322236 857
288 332.456507731982015 322.813946838300240 0.332401075492317 6.544169607624569 -3.600274289294755 0.131098969517070 485
289 338.605645770725289 319.033417579531829 0.396161321440666 6.282602138559755 -2.848417389449773 -0.045673204341914 755
290 347.949669831859694 315.775979849880969 0.159020290425490 6.713804855573776 -2.440211053551391 0.045894853018387 866
291 354.335374353456871 313.137603301825038 0.171752566322730 6.392787938067153 -1.825086343004109 -0.007576383879920 290
292 363.830315033142369 312.148161356417916 -0.032544931380515 6.850142187545019 -1.353129033264100 0.018002536392886 872
293 370.379306063497381 310.513868406145036 -0.026905410545890 6.393559258304022 -0.830431595944457 -0.006676430042811 875
294 379.041791570096620 311.224362219302009 0.186264133336886 5.965488070874486 -0.187630519126783 -0.023277957225500 878
295 384.017102134847391 310.939594321287416 0.094616119268718 3.940597189975272 -0.841476833517727 -0.001502198472306 882
296 389.016676583648575 311.531115677098512 0.137972291360368 3.538782138569112 -1.754852431225794 -0.122332259339157 885
297 393.104981327560893 310.458726534167340 0.007109677759858 3.785895791137097 -3.248781653165207 -0.174732316623824 365
298 396.615813175312383 307.357291871060397 0.082081022608997 3.925037017482425 -6.250348697955605 -0.325613989267190 353
299 400.284584515068786 300.359912359956013 -0.225909384973280 2.522683897601991 -9.185716897523754 -0.296472436675007 785
300 399.282336533920954 291.659004228458230 -0.139891573414006 1.329508820693705 -10.575656565753256 -0.207738539492507 362
301 400.221985816205063 280.726247802163755 -0.319515068640231 1.258792502628212 -11.055266204855355 -0.154326804541229 272
302 401.645232192624917 272.113591165615219 -0.142973126655806 1.264335931146678 -10.594843159353157 -0.073252411826839 359
303 402.868932983111847 261.513396789165824 -0.232530111154092 1.087376203809994 -10.585043404271913 -0.065021053576951 377
304 404.329478834448423 253.260397147222136 -0.082808427633796 1.289870561691649 -10.422334996243212 -0.132198129903701 908
305 405.735225291315999 242.416426227220882 -0.038916780783648 1.199846723743178 -11.181588171721472 -0.058905437827522 251
306 407.546313966611308 233.449129167423109 0.051018744454584 1.150744521749751 -10.783943575509527 -0.140771903025805 374
307 408.732834889493802 223.004862306828670 -0.056691891487967 1.044015825792429 -9.863161603439369 -0.212499692229748 386
308 410.489785068607659 216.812780779130577 -0.179172599732011 -0.514112336489868 -8.498312840172151 -0.209668827855112 920
309 413.121787428837422 207.876851783223913 -0.356576863107346 -3.180481923927958 -8.796100487354904 -0.182927739679811 246
310 406.735434245617000 205.542674327697739 -0.323487988263113 -7.034283806246881 -5.301337719633738 0.089036702536092 926
311 401.874748035428354 199.915753852616092 -0.043535564506532 -6.536759257425589 -2.549920674149163 0.028954573456880 929
312 392.737799656985032 205.578174800359193 -0.171797884886490 -7.108400284912779 0.676402493285264 0.306565412632788 932
313 385.916845245079628 206.487221203248595 0.042507130437886 -7.106317661364495 2.122495130145283 0.332942103954121 935
314 375.594395595204276 213.643775585880974 0.054682851580019 -7.985126315504039 3.538231395204870 0.304825266106721 938
315 367.739734829939437 217.066672796427866 0.392174383476790 -7.743823382215793 3.821115235096725 0.241768235269873 291
316 356.542254374278968 223.690462978483680 0.196564320299200 -7.999575226865294 4.464151368659725 0.128242408424543 944
317 348.879580743253712 227.980346737145339 0.272291119126057 -7.318886315012553 4.319922130706965 0.071946795697926 345
318 338.334234371426987 233.891171795727473 0.115651967834911 -7.517654245099627 4.511077834278986 0.017312053240019 581
319 331.325680975507453 238.029725373030743 0.124227859088241 -6.059778808758336 4.084569803556702 0.031189813351647 356
320 323.165247750904484 242.687788392815520 0.148537921890165 -5.219362243296627 3.059121819014131 -0.073312120085242 623
321 319.377355566996812 246.028294221660076 0.038052789418975 -4.543939943551790 0.196223919874479 -0.167173230411695 575
322 312.609853801463373 245.288383790670906 0.031564106364431 -5.903651886052673 -3.367888704568239 -0.141805930703440 962
323 307.180568488588278 242.692742201193937 -0.222721185203558 -4.656553113324328 -5.554181647335660 -0.138617047153776 548
324 305.099317156003281 235.172740458066500 -0.390434923860956 -3.993749130488544 -6.996598648913322 -0.297261871044537 365
325 300.754197558562453 227.201632624543294 -0.616224183506238 -4.620257063921763 -8.914123692100636 -0.191982104150829 434
326 296.559225819852202 219.226308493012112 -0.369535204710990 -4.950041335893012 -9.927759430575449 -0.077882950829712 518
327 291.540927949340755 208.915584075631841 -0.504604827460183 -4.958244113369744 -10.589297585576738 0.004628148041947 446
328 287.134742592701059 200.764733223527315 -0.153885218991782 -4.777603950181239 -10.073757097477181 0.006265592922640 980
329 282.303688507718675 190.475528985031190 -0.099849516579810 -4.983012518917596 -10.528054733836946 -0.065409793046544 184
330 277.398964226350472 181.893154959124871 -0.011606561515198 -5.151856957586426 -10.544401973440674 -0.015453379320853 596
331 272.196865731382900 171.208542400924415 -0.098439301792440 -5.149784747549536 -10.781638153994040 0.128117306407590 434
332 267.228343326750291 162.060457811626407 0.145015031375893 -4.825446239533330 -10.300171177645058 0.004704715049903 511
333 262.611060926252662 151.798136115947329 0.334045759767582 -4.683722967135782 -10.085979673351137 -0.030861712386285 287
334 257.482986978230656 142.872952578683453 0.169713104208116 -4.504950826018892 -9.537556405253747 -0.180839897353679 461
335 253.244167540484341 133.553481280336996 0.117816158697089 -4.111340522265507 -8.938206580979145 -0.127542216332924 440
336 248.653354627826360 125.775539426847615 -0.022668545704576 -3.204540086505366 -7.553776914653401 0.072047110554285 470
337 245.976049183110234 119.006686884856066 0.193145019115225 -2.003873682087621 -5.918253721680288 -0.145314769868891 177
338 243.307734700299136 114.218845101737571 0.170611505720412 -1.532665939702148 -4.107562830938462 -0.140176763870518 1010
339 242.699029635815265 110.358325451074336 -0.065179324769141 -2.616150769301656 -2.708725383105388 -0.007098186602414 344
340 237.355056122856155 108.620038713887382 0.114565404061633 -5.130549084464414 -0.960596858447170 -0.174896087709067 1016
341 232.374540481484985 107.439448532717890 -0.035035644602721 -6.201791725766959 2.199211690106710 -0.208445314406540 1020
342 225.567999956909716 112.352727283183015 -0.029376325106324 -6.288169842946984 4.720323546309199 -0.104594876460642 1022
343 218.958276090672541 118.157825519337308 -0.130045848691259 -7.355148174640982 6.322046791318609 -0.097054613240272 491
344 210.010221671546390 122.426838483383108 0.080904722259667 -8.162720329160933 6.220576352131707 -0.119949107643852 1028
345 201.875155898494739 128.798616519043321 -0.168825655354972 -8.087806998860092 6.343267235455324 -0.027149975429022 1031
346 192.856414083150383 131.420569198642738 0.302443801688213 -8.054263890285677 5.694368481241313 0.105145781291296 503
347 185.147760968817408 137.037124784070613 0.331622395838810 -7.191094984196940 5.231565512139389 0.010962208367095 506
348 178.734310887235011 138.276706656889701 0.391612310580753 -4.965055154700861 3.508264789800771 -0.074941570079017 506
349 174.085845704272117 141.051170786320739 0.302044298711207 -3.803407452780092 3.764735804469256 -0.078759549872228 1043
350 170.983646076629782 142.978248217974794 0.165874989089454 -2.709603295107770 5.152253443251206 -0.142183112739047 515
351 167.095940918495074 147.671055444429527 0.086127774550122 -0.750824248410518 6.672740257587038 -0.091053745507877 413
352 170.213779094865941 152.784302799147383 0.110061093455536 2.224736379759163 5.752823911556076 -0.034003059724275 377
353 172.442034668609608 158.035129134434726 0.260348732513058 2.709000673028265 4.920702727530386 -0.022635018600697 1055
354 175.915082344749095 161.581543114170131 0.169531543162020 1.524356323959368 5.160785103587920 0.001193757125793 524
355 178.793202344550963 166.483307967363345 0.256633408288349 -0.887861235958916 6.126545729348848 0.175329063316211 359
356 174.626070267723406 170.497859442516159 -0.097976503820002 -4.525717390773409 5.204142164869136 -0.181879605871091 1064
357 170.086292163963236 174.935324478516918 -0.491297787160021 -5.439126967591189 4.124886866169216 -0.144819936929311 1067
358 162.346952579789559 176.440561652994973 -0.604301093377903 -7.077950373413503 4.542641472716557 -0.154156290660552 215
359 154.664345374949221 181.530820015984659 -0.797611057529803 -8.575460665435768 5.332288391106202 -0.122867049739472 542
360 145.309951022245315 185.372788215817678 -0.899843429943939 -9.517938299392178 5.339613112788254 -0.117095096657889 1076
361 135.882845805067262 190.732841726123183 -0.907391819519110 -9.457468948630851 5.185838475923418 -0.196199591514644 545
362 126.977016954445546 194.225546178873202 -1.070151048504354 -8.686450576923690 4.197254365568331 -0.143313499980805 452
363 119.137094405890323 197.931453061050036 -1.165367238386689 -6.855095046796622 3.246260645491559 -0.133657978817117 419
364 114.183992050139253 199.788392914588002 -1.040573461327409 -4.017066192228489 1.992091390624636 -0.140211037882012 257
365 111.111768215275930 200.917400683034600 -1.246953438274285 -2.203694936727169 1.184431090333461 -0.049677439917660 206
366 109.777271184472397 202.202388334505457 -1.037880474024704 -1.980068012458721 1.545618166339273 -0.094407168894251 1094
367 106.747810076865221 203.904046257211320 -0.967939232806665 -2.512946372456378 3.564870815139971 0.013656160587312 1097
368 106.950529595742879 209.509088071244406 -1.028178448754544 0.555050085168044 7.207621545494000 -0.087296044088965 569
369 108.574213428853511 216.249161514101957 -1.031747836140072 3.609544513939472 7.222997639789890 -0.031305552731558 572
370 115.318222646721722 223.634687765775766 -1.060128275513995 4.810986750391074 8.352755675759868 0.039105072251764 572
371 120.590737173779445 232.738447006369228 -0.823503930662044 5.555325892492021 9.690408559202041 -0.015813797584431 325
372 126.142386675595830 243.467595086443851 -1.196834106923233 5.749848603335024 10.435805636267105 0.066145734752456 1112
373 131.880718428238396 254.057040177959379 -1.070771388293839 5.953569134284575 10.571976307744441 0.114097709370721 331
374 137.621527623062264 265.027632380587761 -1.094382520878181 6.006592343503264 10.793393329769776 0.068742834810672 443
375 143.705746969756319 275.810206609269301 -1.115360959074059 5.988923530445636 10.793599243164801 0.000735671645221 399
376 149.203564511522728 286.675417333771406 -1.159214689694710 5.872286303995487 10.608480526729036 -0.026409377300709 415
377 154.918146823640825 296.805990336672835 -1.183273451947451 5.235978530406738 9.543772522376361 -0.118999479845416 344
378 159.215164738516421 305.843700976359173 -1.332100673578221 4.612139123374399 8.186064483559159 0.000053313355871 410
379 163.268189443316999 313.069956160013419 -1.336266742331790 3.667710565564795 6.099813761567308 0.042611626810490 599
380 166.003377354010553 318.001630966543132 -1.364982417458554 1.957538386407581 4.541834690493245 0.021570956225772 467
381 169.505615730624697 321.950729164265454 -1.256940965428334 -0.337526704168419 5.766013841344890 -0.108774812084781 467
382 165.968459555631199 327.232222025880674 -1.601258392117051 -5.200522431430986 5.855039216501079 -0.316256746344826 608
383 161.134408275881270 331.415220434956609 -1.431804158958070 -6.323052268066347 3.056736533115670 0.010854741253442 611
384 152.323350026270589 331.697659505006698 -1.488319296721623 -7.631021369362427 3.236197020067288 -0.010200179629904 359
385 143.916686477171964 335.192999943818677 -1.253629757237380 -8.837401431948493 4.467759410964502 -0.096075635284235 232
386 134.902418523386018 340.191916568642739 -1.447170650631947 -9.402468062527479 4.989685139771645 -0.033209604084935 382
387 125.496858660593773 345.335009964512381 -1.469139600129987 -9.489558921306479 4.986642356123742 0.033239669589054 236
388 116.201472683923782 349.793834821373764 -1.413552063841230 -9.174571828016251 4.885911449748926 -0.037170577714085 377
389 107.397532629261676 354.379295705835546 -1.414296748497061 -7.937388204282758 4.682372716602496 0.054500454271087 251
390 100.409176583386611 358.787577988006376 -1.355749654033087 -7.433971881773956 3.864527877090904 -0.003079785990103 325
391 92.794176416215990 362.800523074230682 -1.379329045704438 -8.176216368519238 3.807029746039409 0.167164613047400 309
392 83.815401959084141 366.209966169063762 -1.212088385513395 -9.358025977882280 4.756574327839660 -0.201784475439542 250
393 73.854689668025856 371.099300905634720 -1.231385660120506 -10.033096831724954 5.649670625978341 0.005859544034224 315
394 64.321680564656461 377.259437793808445 -1.171749858798260 -9.831097570059409 5.595339607087736 0.221117993077722 201
395 54.625856865264510 382.835557487350854 -0.959192364215612 -9.805869395370506 5.114130335395848 -0.048101425289088 204
396 44.798743816418153 387.412664802880329 -1.069132716363050 -9.647007643904299 4.766711479269474 0.014863741962170 209
397 35.311095667787853 392.112371410414994 -1.001398957787930 -9.273737287434688 4.590803033529829 -0.058901251443699 210
398 25.987218743429676 396.376530808526638 -1.038819680522324 -9.238513061936038 4.760872054623120 0.064792053977443 213
399 16.632939946513737 401.154448572324327 -0.853748507260293 -9.355553859470310 5.090216561952644 0.044038609324877 216
400 7.249527236653581 406.580020996038172 -0.907939004961507 -9.427569206187174 5.635439736560429 -0.043728963797635 152
401 -2.148698546447047 412.176466305464487 -0.977737190032340 -9.181469520989427 5.676444438170938 0.044812745700980 222
402 -10.700431426240311 417.740207503582781 -0.950642083684256 -7.796228484111434 5.602535567480831 0.013922381207643 225
403 -17.960539544868698 422.760131172218848 -0.872173557698744 -6.254667209517333 4.788564695308713 -0.120660266094290 228
404 -23.012063619814146 427.056937809765031 -0.938125036035274 -3.855931948344156 4.534661640027996 0.110741137724476 231
405 -26.094350121671372 430.938323509844224 -0.877365921968048 -2.900352089239072 2.876401068629020 0.017186661604346 234
406 -29.055415723957367 433.242695196832415 -0.847401306004803 -3.284975391136143 1.944971135238441 0.054547796265113 237
407 -32.542800185954704 435.160773262907526 -0.800317787645185 -3.475154011181323 2.078215320416611 0.034286542349022 240
408 -36.130792739668358 437.088596600446976 -0.779572599521267 -2.874559897994712 2.291932498234525 0.020129001178681 243
409 -38.506164159345438 439.162624865493513 -0.774040330603858 -2.278880769209642 1.764559973732367 0.075015288705293 246
410 -41.205243205042770 441.027085181885411 -0.771344027967795 -3.695186080753958 1.391525156108243 0.063574555633812 387
411 -45.393640173007867 443.425257588756097 -0.750617181727363 -6.241900047857422 -0.256809517438154 0.009993199826006 252
412 -51.450796804663796 439.107305448501450 -0.787024550096737 -6.983802943653879 -5.140744838706124 -0.094596225120576 255
413 -57.768130303174800 433.249657319467701 -0.982636420440610 -5.785312421627298 -7.630531450791340 -0.142588388374319 258
414 -62.189910907521543 423.393262925047225 -0.811711750321519 -6.037120896398733 -9.041374594676739 -0.004376108271026 261
415 -68.632646732716225 414.010301191392898 -0.807464687694570 -6.266597243421504 -9.881050416976917 -0.189580195978333 264
416 -74.820315107802017 404.361409415270202 -0.843118973461204 -5.809697742382856 -9.949695776466745 -0.006049676729518 267
417 -80.755923161485285 394.638017788780189 -0.885460608910825 -5.290560673206799 -9.965028184154445 -0.035624224033760 270
418 -85.484484549255214 384.843594781182333 -0.875299679214135 -4.806202912527846 -10.057891528052330 -0.001619557513053 273
419 -90.446086784613357 374.755884462004644 -0.867344198319079 -4.680042826594106 -10.360785785049682 0.021747105702157 276
420 -94.652025623195598 364.277315254765313 -0.795616799876063 -4.332202421632505 -10.775469951629146 0.052331306403140 279
421 -99.290999355342933 353.481146658707019 -0.749230940925754 -4.011563197711236 -11.206693723885023 -0.040852229955417 282
422 -102.487809379617332 341.931936700666597 -0.741339271234225 -3.387918893964607 -11.575756087241354 0.008140043412284 432
423 -106.046337025033921 330.438763845003677 -0.739703138485738 -2.945227071236352 -11.667458494109530 0.075400095005067 405
424 -108.133985536188959 318.548394482952290 -0.644547648226951 -2.349206153465622 -11.828710473511848 0.074042529357344 408
425 -110.625061769601359 306.851868698673513 -0.643293564094691 -1.982504021503965 -11.697527086081211 0.043833419340030 411
426 -111.880515233489334 295.031918693777243 -0.580647691202939 -1.547845926569871 -11.675982042739124 0.089486098352974 414
427 -113.697130291583022 283.445674683679215 -0.454344277733239 -1.088730038451651 -11.613743807621777 0.033288855144999 388
428 -113.921305043868543 271.769366971636771 -0.558625664538928 -0.468005473719077 -11.473142967964035 -0.004205662645391 521
429 -114.604522917821512 260.322085811532759 -0.624287899788932 -0.055926843139748 -11.568970133004511 -0.072222036660443 394
430 -114.028086113323766 248.299896824454493 -0.569620711160202 0.528782552926949 -12.002286486466444 0.085136376890667 367
431 -113.694281691478395 236.366892813052516 -0.350151996060145 0.976516760000001 -11.840045044943608 0.055508365624739 273
432 -112.100723351966991 224.559315807574023 -0.300447775544539 1.421639990746723 -11.600407218903634 0.098271201703545 257
433 -110.940616146878611 212.936349848581671 -0.161281051806025 1.947711504391624 -11.595424808152556 -0.016045060155253 257
434 -108.320420942653811 201.335035328615163 -0.264283560665464 2.499195194264095 -11.753535762310765 -0.003576387284493 260
435 -105.942489167324908 189.402579624126474 -0.240473321381929 3.041439747176639 -11.949619353061557 0.062629806428209 263
436 -102.213768202791201 177.550736332738069 -0.157183648376086 3.770650352351192 -12.044384908551002 -0.004069167255978 327
437 -98.451162683629974 165.369115256077663 -0.132306221239938 4.066532306777893 -12.174335245920243 0.011973172706501 309
438 -94.167572173665050 153.332332202142652 -0.141719747011496 3.911090972558158 -12.225857397715009 0.019801798621217 339
439 -90.159587469715021 141.203166453957238 -0.314671604570058 3.794917324756171 -12.161330486194561 0.087389112347440 263
440 -86.658225003949227 129.119869554828455 -0.100381826608956 3.903287039739551 -12.136886455760537 -0.031398587280215 220
441 -82.709691955551108 116.955196237912617 -0.258775667100522 3.896754944705221 -12.193949268221010 0.095933788369648 272
442 -78.978698515400453 105.028713442689551 -0.095940426606457 3.848353340685641 -12.041011160728717 0.004054170450264 314
443 -75.166691655834711 92.957070937474114 -0.143220128088258 3.857295639917181 -12.094595744441234 0.062784565673846 275
444 -71.400429755788807 81.044044816883556 -0.054884047239316 3.907022444690532 -12.133602701889918 -0.117019527837557 227
445 -67.420350435757314 68.867131474833258 -0.294702488025475 3.987299857877426 -12.245774168240397 0.069631475852495 381
446 -63.579534429910510 56.726312474561759 0.041454690619679 3.984844734368748 -12.253903780088534 0.011850477549939 158
447 -59.616722273780823 44.576009050695745 0.060973337583494 3.952090072339184 -12.040257180521397 -0.044908896415741 314
448 -55.791906966467991 32.800549835768464 0.049419286704221 3.669834570725845 -11.795040257864303 -0.070852814700607 287
449 -52.209523355000549 21.210263243080497 0.046124721606559 3.427214639422011 -11.247033469808516 -0.006589726948186 366
450 -49.038498353911066 10.735707243137970 0.088805667032933 3.154217529319145 -9.995080066662220 0.083725056093060 302
451 -46.403933662984556 1.598340274509830 0.237854736812701 2.764249309284988 -7.995921158824692 0.022292871662934 314
452 -43.441320468469620 -5.323835657051709 0.213794036913959 3.882508750181056 -6.251079788642577 0.094168987641349 601
453 -41.126025637836371 -12.372333424696302 0.319895679321970 6.083945128027938 -4.559053048408869 0.126656581443922 717
454 -33.210895251886960 -13.520702196967513 0.234432893181311 7.863554587239832 -0.694245009262145 0.025836785835677 680
455 -26.818743247446797 -13.765311420740419 0.212047279502768 6.054505571205485 0.620570110621373 0.079616314065394 683
456 -21.117918284264192 -11.715316680999759 0.317275770229560 5.017846492592515 0.045509578979447 0.057186732658699 359
457 -16.862824109670882 -11.598153440159860 0.398594793184754 3.321928451804968 -0.169157399778893 0.031560142016866 254
458 -14.264242449564284 -12.094524940857040 0.367066622717205 2.289444815912452 -0.035048232142969 0.052494052229026 257
459 -11.917100703014221 -12.421865987914526 0.384467046375598 2.844302638544129 0.397922928372636 0.069916500577120 260
460 -8.564006776212786 -11.288904086186271 0.494968672020654 3.987581492140485 1.711738835379564 0.011026395752734 335
461 -3.625615206552239 -9.468126798296980 0.543066810180830 4.961177562778213 4.376476729719778 -0.124902679610464 338
462 -0.466075057263331 -2.151266099406410 0.359811618204520 3.981963087099804 7.177125079770766 -0.036010102650306 344
463 3.254415516297742 5.838101323175058 0.382260613072955 4.315522663680925 8.266259507870938 0.035049897902694 347
464 7.774001709366521 14.679706625328265 0.377196057497937 4.495032201601672 9.380516327972783 -0.090103479332262 275
465 12.306991868571380 24.309458946507682 0.399665580582703 4.655058191518599 9.794182099824139 -0.006455871590205 328
466 17.113434678774002 34.003359407733022 0.336727643608916 5.017642089731062 9.904761137236932 -0.079523840773511 337
467 22.241010969007487 44.062326534061690 0.405580132687861 5.217815347785825 10.225504141040703 -0.179404101499726 284
468 27.657286963723596 54.143513834111261 0.401693319418853 5.286497707129627 10.278777796256165 -0.079295656896508 384
469 32.863244134304608 64.293076594349614 0.454087892620170 5.196688617452404 9.986982446035777 -0.010969075032429 290
470 37.935449749944105 73.938106358003111 0.535980339161225 5.201968016275177 9.657590448055419 -0.082289990288681 293
