1871 61670.000000000000000 -0.055329918146472 -0.659020850447610 -0.053414367438020 6
1871 61670.199999999997090 -0.079913144378301 -0.886476035280096 0.054704346227672 12
1871 61670.400000000001455 -0.117172826604206 -0.943157338110218 0.108728195561035 18
1871 61671.000000000000000 -0.180284027465895 -1.009002936749192 0.188530546839314 24
1871 61671.199999999997090 -0.213664992359414 -1.114514804551172 0.256549347305307 30
1871 61671.400000000001455 -0.253900659227354 -1.153514768934154 0.345415718357872 31
1871 61671.599999999998545 -0.262299781374031 -1.226723334439408 0.444919880599443 32
1871 61671.800000000002910 -0.291328657820013 -1.262543386801722 0.481493181097338 33
1871 61672.000000000000000 -0.319400780752403 -1.286014389231938 0.509096437403596 34
1871 61672.199999999997090 -0.328350470620647 -1.310138760335397 0.527315065737085 35
1871 61672.400000000001455 -0.333931471082495 -1.357616611848782 0.575621091684470 36
1871 61672.599999999998545 -0.343939365943875 -1.387380103721489 0.628081611052973 37
1871 61672.800000000002910 -0.353066617943434 -1.404360823922451 0.682485251447711 38
1871 61673.000000000000000 -0.366144009137146 -1.423248964361709 0.724159585074678 39
1871 61673.199999999997090 -0.380625745264773 -1.447908944379328 0.774519317513387 40
1871 61673.400000000001455 -0.399366371480408 -1.445859792840857 0.807567092136150 41
1871 61673.599999999998545 -0.419588280338502 -1.454321949939718 0.853223729658446 42
1871 61673.800000000002910 -0.440404166451854 -1.474743167260492 0.892328210119189 43
1871 61674.000000000000000 -0.455359804315544 -1.488506693416078 0.938146672963580 44
1871 61674.199999999997090 -0.480748336135869 -1.514473261121759 0.987629832361847 45
1871 61674.400000000001455 -0.501923941215340 -1.519620722862504 1.046391332701663 46
1871 61674.599999999998545 -0.523533992977888 -1.527165973875338 1.106988976622552 47
1871 61674.800000000002910 -0.537248532791537 -1.537648909033453 1.161605688645290 48
1871 61675.000000000000000 -0.487186120002307 -1.579876162177375 1.611152031009273 50
1871 61675.199999999997090 -0.460226795094136 -1.608159939969412 1.911821091651564 52
1871 61675.400000000001455 -0.444715641298009 -1.639706277764695 2.156630883641489 54
1871 61675.599999999998545 -0.445784021230548 -1.661725119208315 2.270401908592604 56
1871 61675.800000000002910 -0.446494845978054 -1.681386563333551 2.361773688588000 58
1871 61676.000000000000000 -0.453786427905749 -1.703742177244398 2.423351453216598 59
1871 61676.199999999997090 -0.458604940144856 -1.715584990162389 2.469960534098318 60
1871 61676.400000000001455 -0.470269165010503 -1.723865349910974 2.477285977451558 61
1871 61676.599999999998545 -0.486225986314352 -1.739024619473678 2.466226348780449 62
1871 61676.800000000002910 -0.502200549474528 -1.737754885275895 2.429767902686250 63
1871 61677.000000000000000 -0.514493526484229 -1.740124193596325 2.380335837250552 64
1871 61677.199999999997090 -0.516975348984835 -1.757077224092510 2.433364703766435 65
1871 61677.400000000001455 -0.520164719609771 -1.774595177649852 2.469694840602715 66
1871 61677.599999999998545 -0.518575501357935 -1.780267710115556 2.509238637515473 67
1871 61677.800000000002910 -0.521438943963919 -1.786821516194566 2.522623920271237 68
1871 61678.000000000000000 -0.523704121998154 -1.801073675769345 2.568097197084236 69
1871 61678.199999999997090 -0.529048041570937 -1.808535822879195 2.570028919923276 70
1871 61678.400000000001455 -0.533630172045429 -1.824884547015277 2.612025678822264 72
1871 61678.599999999998545 -0.540902734900006 -1.837998881175349 2.617808876770231 74
1871 61678.800000000002910 -0.544016158641764 -1.850589541322447 2.612109598905440 75
1871 61679.000000000000000 -0.550109242567890 -1.861960155089130 2.609244077264401 76
1871 61679.199999999997090 -0.557480070143446 -1.867813932196886 2.603572757160683 77
1871 61679.400000000001455 -0.557669659456703 -1.882554251510357 2.607460735730238 78
1871 61679.599999999998545 -0.559232796041989 -1.883492487102319 2.628171175273530 79
1871 61679.800000000002910 -0.557955911522923 -1.889800372813708 2.636034096765377 80
1871 61680.000000000000000 -0.545708775920997 -1.873887093974700 2.590232025825031 83
1871 61680.199999999997090 -0.524648017923362 -1.829936649313028 2.469923264578984 86
1871 61680.400000000001455 -0.502266045253088 -1.785102445105275 2.354819499527495 89
1871 61680.599999999998545 -0.487993824335143 -1.752019412447191 2.298169494464321 91
1871 61680.800000000002910 -0.465239482979446 -1.716241099993605 2.220390911759324 93
1871 61681.000000000000000 -0.467223499262270 -1.710372021189907 2.228501925504716 94
1871 61681.199999999997090 -0.478279952958075 -1.696224598054117 2.235990069736860 95
1871 61681.400000000001455 -0.479372570893924 -1.672254159328076 2.249985582876372 97
1871 61681.599999999998545 -0.468534576183117 -1.627400829526870 2.235623220400449 99
1871 61681.800000000002910 -0.457314411254446 -1.581320092490996 2.206291835980524 101
1871 61682.000000000000000 -0.443754550632401 -1.528345846232532 2.155241786512929 103
1871 61682.199999999997090 -0.418998460189120 -1.471183250617838 2.083597053767228 105
1871 61682.400000000001455 -0.421080026582176 -1.442123506991372 2.068015677775231 106
1871 61682.599999999998545 -0.420804519618579 -1.440434337117929 2.061312381917380 107
1871 61682.800000000002910 -0.431702632381183 -1.459155942120704 2.109606719943165 108
1871 61683.000000000000000 -0.432145115885803 -1.443519185409889 2.110846018097343 109
1871 61683.199999999997090 -0.421222164575306 -1.421071454690037 2.088745138982619 110
1871 61683.400000000001455 -0.423729054608240 -1.408717971050280 2.103421789920444 111
1871 61683.599999999998545 -0.423574638224416 -1.384908585656664 2.103899142120862 112
1871 61683.800000000002910 -0.438975596856032 -1.386108594028485 2.175055948566207 113
1871 61684.000000000000000 -0.450620571357958 -1.409100563562228 2.263790173834351 114
1871 61684.199999999997090 -0.465344572323028 -1.408153875329156 2.289663414780671 115
1871 61684.400000000001455 -0.471376794493621 -1.400527837477981 2.306029397182228 116
1871 61684.599999999998545 -0.479727713526407 -1.375835444624432 2.302143523138921 117
1871 61684.800000000002910 -0.483335724079067 -1.366523419178877 2.286798742526866 118
1871 61685.000000000000000 -0.477996721488418 -1.393139342308864 2.309659495941874 119
1871 61685.199999999997090 -0.472591312491999 -1.390428443977509 2.249563896700520 120
1871 61685.400000000001455 -0.471641836575752 -1.392367995820553 2.210708716299840 121
1871 61685.599999999998545 -0.470799337140210 -1.373609180949887 2.190816331854191 122
1871 61685.800000000002910 -0.468278482851714 -1.359719003437028 2.162732950188297 123
1871 61686.000000000000000 -0.462505847655531 -1.358269911281500 2.136268624220617 124
1871 61686.199999999997090 -0.454028643509705 -1.347180488838666 2.107964969438924 125
1871 61686.400000000001455 -0.449683140168837 -1.337126788349101 2.091366373583416 126
1871 61686.599999999998545 -0.445925320199302 -1.325862285794760 2.063339963960240 127
1871 61686.800000000002910 -0.447538700017449 -1.308928590565931 2.041652583191396 128
1871 61687.000000000000000 -0.441741378208150 -1.310791079959628 2.020932803540031 129
1871 61687.199999999997090 -0.435916708044006 -1.298089355179962 1.994739506228489 130
1871 61687.400000000001455 -0.428944797600588 -1.284813932988633 1.956274762397513 131
1871 61687.599999999998545 -0.421829344087460 -1.274034838219275 1.926359590728332 132
1871 61687.800000000002910 -0.409669416943302 -1.263488652646576 1.919461536874713 133
1871 61688.000000000000000 -0.404414033652555 -1.253521413842265 1.925941788116965 134
1871 61688.199999999997090 -0.396810457385275 -1.245698301225151 1.942579489295659 135
1871 61688.400000000001455 -0.386992631798856 -1.238061747250459 1.948963055780247 136
1871 61688.599999999998545 -0.379044860684598 -1.228868647534189 1.949775790712011 137
1871 61688.800000000002910 -0.367227309626375 -1.220890658983059 1.949347690288461 138
1871 61689.000000000000000 -0.358878395899763 -1.213519645260249 1.949437475452952 139
1871 61689.199999999997090 -0.352854916636869 -1.211190529549335 1.949073696326661 140
1871 61689.400000000001455 -0.344641354159563 -1.201160448613544 1.945532920402484 141
1871 61689.599999999998545 -0.336011409356732 -1.197836207108985 1.935290353389572 142
1871 61689.800000000002910 -0.326683348580931 -1.186212710152590 1.918605887644427 143
1871 61690.000000000000000 -0.319666798338256 -1.178462551766990 1.904746937741784 144
1871 61690.199999999997090 -0.314227394799492 -1.176364473801988 1.895389949358866 145
1871 61690.400000000001455 -0.307656535866010 -1.175620656756356 1.891646994977528 146
1871 61690.599999999998545 -0.301854493926975 -1.170517640614145 1.886228676719658 147
1871 61690.800000000002910 -0.295844194334963 -1.169881217630394 1.882357242379282 148
1871 61691.000000000000000 -0.290813848715262 -1.167135347093694 1.875023223172068 149
1871 61691.199999999997090 -0.286443306498996 -1.167590965639240 1.874952578925439 150
1871 61691.400000000001455 -0.279665933341523 -1.165066875778512 1.870753686649310 151
1871 61691.599999999998545 -0.273583395539263 -1.165743477655191 1.870591052042887 152
1871 61691.800000000002910 -0.268399931699517 -1.166223526030505 1.871343502769422 153
1871 61692.000000000000000 -0.263942804417342 -1.160958970353168 1.864556630319001 154
1871 61692.199999999997090 -0.257139386414036 -1.156433632075797 1.852936319941192 155
1871 61692.400000000001455 -0.252408586081771 -1.153797341510214 1.844573306083656 156
1871 61692.599999999998545 -0.247762448189376 -1.152462439244692 1.831075300544310 157
1871 61692.800000000002910 -0.243877380206731 -1.152484218161880 1.826153233334434 158
1871 61693.000000000000000 -0.240181782424617 -1.152397574348271 1.817339623433276 159
1871 61693.199999999997090 -0.236699929888249 -1.151335280911370 1.804181849630555 160
1871 61693.400000000001455 -0.232647217067152 -1.148166376974365 1.793926836800858 161
1871 61693.599999999998545 -0.228653935996260 -1.149040624208269 1.785579010234295 162
1871 61693.800000000002910 -0.223989984220587 -1.145756142197882 1.776331763471649 163
1871 61694.000000000000000 -0.220040817647874 -1.142478489549966 1.768916238791324 164
1871 61694.199999999997090 -0.215439872140640 -1.143550406630739 1.761009914694707 165
1871 61694.400000000001455 -0.210928515728996 -1.143488448831779 1.756241049529238 166
1871 61694.599999999998545 -0.206920808364060 -1.144174865958512 1.749973363615907 167
1871 61694.800000000002910 -0.202484315225382 -1.144907203714930 1.747091669086902 168
1871 61695.000000000000000 -0.197189390320409 -1.145066901665457 1.744115730774451 169
1871 61695.199999999997090 -0.194394195339934 -1.142874739095925 1.734609053128183 170
1871 61695.400000000001455 -0.190546865049599 -1.147021940926256 1.737533120145507 171
1871 61695.599999999998545 -0.188275728530465 -1.144777847709766 1.730032686615535 172
1871 61695.800000000002910 -0.185549178809307 -1.146503324405136 1.726719802036772 173
1871 61696.000000000000000 -0.183028545671542 -1.148866692552231 1.730077049445456 174
1871 61696.199999999997090 -0.178539433930186 -1.149052524569968 1.721516635097582 175
1871 61696.400000000001455 -0.177061873527668 -1.143318917365865 1.722358366859460 177
1871 61696.599999999998545 -0.171437415641875 -1.136431156530054 1.717933576209656 179
1871 61696.800000000002910 -0.169828288526925 -1.137898954169053 1.720380473210049 181
1871 61697.000000000000000 -0.167316913364645 -1.136064528420737 1.713997088744389 183
1871 61697.199999999997090 -0.164652703603522 -1.137838761442686 1.710794088213018 185
1871 61697.400000000001455 -0.164464901279012 -1.139347488212292 1.711853494688655 186
1871 61697.599999999998545 -0.160333206960389 -1.139526848978578 1.707745947042189 187
1871 61697.800000000002910 -0.158852890951973 -1.141702942561480 1.705426222744338 188
1871 61698.000000000000000 -0.155852743348542 -1.139151701546020 1.703550078126402 189
1871 61698.199999999997090 -0.151944866279871 -1.136693819275776 1.703437446328650 190
1871 61698.400000000001455 -0.149468934272811 -1.135586079960630 1.701300410929877 191
1871 61698.599999999998545 -0.145916119207431 -1.134682172862717 1.701861621247297 192
1871 61698.800000000002910 -0.143160042038142 -1.136233128634175 1.707148177384892 193
1871 61699.000000000000000 -0.139414569283458 -1.136295132430582 1.706773002674344 194
1871 61699.199999999997090 -0.136868170935102 -1.137393379730087 1.707721336460391 195
1871 61699.400000000001455 -0.134265212799457 -1.137394114744746 1.703494642755024 196
1871 61699.599999999998545 -0.132914143765870 -1.137588156260079 1.706587482438834 197
1871 61699.800000000002910 -0.131262128217755 -1.137576577014608 1.701597991354177 198
1871 61700.000000000000000 -0.129933114071373 -1.136557444554050 1.704038029773078 199
1871 61700.199999999997090 -0.130533529994317 -1.135329166471438 1.700193384383730 200
1871 61700.400000000001455 -0.127088526582695 -1.136523925841442 1.700672364783940 201
1871 61700.599999999998545 -0.124817123309820 -1.137027655385068 1.699513531050774 202
1871 61700.800000000002910 -0.123800589226178 -1.137320008790412 1.701846048244690 171
1871 61701.000000000000000 -0.122605665940414 -1.136608991490154 1.701197223015014 203
1871 61701.199999999997090 -0.120962988265335 -1.136790326718326 1.699387618788605 205
1871 61701.400000000001455 -0.120005071163132 -1.139770047866965 1.704825110898134 206
1871 61701.599999999998545 -0.119052944049122 -1.139426773589160 1.701956557655010 207
1871 61701.800000000002910 -0.116644845356958 -1.139362087423440 1.698821945116941 208
1871 61702.000000000000000 -0.114826258579472 -1.139102082168287 1.697216843173543 209
1871 61702.199999999997090 -0.115237446732415 -1.139678181108498 1.698044265496399 210
1871 61702.400000000001455 -0.114273040675171 -1.139146336803020 1.690385828632680 211
1871 61702.599999999998545 -0.113657912541272 -1.140145193326543 1.689473091119558 212
1871 61702.800000000002910 -0.112596479268058 -1.142440395592825 1.688832543475892 213
1871 61703.000000000000000 -0.112496045809997 -1.142029210955900 1.687205010214483 214
1871 61703.199999999997090 -0.109445731537172 -1.141403468413047 1.683043401646645 215
1871 61703.400000000001455 -0.107502808514171 -1.140474411433901 1.683478683412428 216
1871 61703.599999999998545 -0.105966866197532 -1.138349810571821 1.674394294829418 217
1871 61703.800000000002910 -0.104751727357613 -1.139990591388262 1.669390973605832 218
1871 61704.000000000000000 -0.103615226978460 -1.138867673384667 1.664184266235112 219
1871 61704.199999999997090 -0.101579927901613 -1.133401946794706 1.650978163590086 220
1871 61704.400000000001455 -0.098755824750393 -1.130160016614406 1.642187033918602 221
1871 61704.599999999998545 -0.094594510965684 -1.126790332320756 1.633202606516311 222
1871 61704.800000000002910 -0.090607283725819 -1.120815863597103 1.611701947226576 223
1871 61705.000000000000000 -0.088141210709537 -1.125190467912609 1.608871892828622 224
1871 61705.199999999997090 -0.085874391801847 -1.119373299199576 1.591427783098331 225
1871 61705.400000000001455 -0.083226182574144 -1.115890940677946 1.573743947169621 226
1871 61705.599999999998545 -0.080218904811693 -1.113916246135733 1.563280981340615 227
1871 61705.800000000002910 -0.077778275455361 -1.109399807849974 1.544521757656571 228
1871 61706.000000000000000 -0.074386400913591 -1.109023064176783 1.531815989479148 229
1871 61706.199999999997090 -0.071868724814962 -1.105263455532809 1.512073726857268 230
1871 61706.400000000001455 -0.070611382443099 -1.107394039860673 1.500921965315697 231
1871 61706.599999999998545 -0.068020883918054 -1.107297096014270 1.491351235413561 232
1871 61706.800000000002910 -0.066566731970734 -1.104267315397827 1.471304092543506 233
1871 61707.000000000000000 -0.065020286730349 -1.103233310281103 1.458249741866960 234
1871 61707.199999999997090 -0.063006158139834 -1.102858020741542 1.442338253701379 235
1871 61707.400000000001455 -0.060701447563637 -1.101495342779370 1.430554539146744 236
1871 61707.599999999998545 -0.058981354613742 -1.098254482462246 1.413497701824654 237
1871 61707.800000000002910 -0.055985450108643 -1.100715557583434 1.405225683914412 238
1871 61708.000000000000000 -0.055404898237884 -1.094261364170303 1.385878027071801 23